Date,Open,High,Low,Close,Adj Close,Volume
2016-09-29,9.210000038146973,10.899999618530273,9.020000457763672,9.180000305175781,9.180000305175781,2412300
2016-09-30,9.350000381469727,9.720000267028809,9.149999618530273,9.220000267028809,9.220000267028809,410000
2016-10-03,9.300000190734863,10.4399995803833,9.300000190734863,10.390000343322754,10.390000343322754,211300
2016-10-04,10.260000228881836,10.680000305175781,9.710000038146973,9.949999809265137,9.949999809265137,133500
2016-10-05,9.949999809265137,10.079999923706055,9.5,9.569999694824219,9.569999694824219,72700
2016-10-06,9.619999885559082,9.880000114440918,9.619999885559082,9.640000343322754,9.640000343322754,65900
2016-10-07,9.979999542236328,9.979999542236328,9.619999885559082,9.755000114440918,9.755000114440918,27400
2016-10-10,9.710000038146973,9.819999694824219,9.710000038146973,9.800000190734863,9.800000190734863,14800
2016-10-11,9.71500015258789,9.729999542236328,9.619999885559082,9.6899995803833,9.6899995803833,100100
2016-10-12,9.720000267028809,9.720000267028809,9.619999885559082,9.619999885559082,9.619999885559082,16300
2016-10-13,9.619999885559082,9.680000305175781,9.399999618530273,9.399999618530273,9.399999618530273,37100
2016-10-14,9.399999618530273,9.4399995803833,8.550000190734863,8.609999656677246,8.609999656677246,70600
2016-10-17,8.84000015258789,8.84000015258789,7.591000080108643,8.140000343322754,8.140000343322754,65000
2016-10-18,8.07800006866455,8.447999954223633,8.0,8.170000076293945,8.170000076293945,39400
2016-10-19,8.449999809265137,8.5600004196167,8.01200008392334,8.550000190734863,8.550000190734863,72200
2016-10-20,8.489999771118164,8.550000190734863,8.350000381469727,8.550000190734863,8.550000190734863,21600
2016-10-21,8.550000190734863,8.90999984741211,8.5,8.880000114440918,8.880000114440918,19600
2016-10-24,8.850000381469727,9.206999778747559,8.630000114440918,9.109999656677246,9.109999656677246,70200
2016-10-25,9.236000061035156,9.399999618530273,9.050000190734863,9.300000190734863,9.300000190734863,24100
2016-10-26,9.399999618530273,9.399999618530273,8.737000465393066,9.020000457763672,9.020000457763672,45700
2016-10-27,9.289999961853027,9.289999961853027,8.654000282287598,8.989999771118164,8.989999771118164,71900
2016-10-28,8.979999542236328,9.25,8.800000190734863,9.09000015258789,9.09000015258789,66300
2016-10-31,9.38599967956543,9.38599967956543,9.0,9.0,9.0,17300
2016-11-01,9.300000190734863,9.300000190734863,8.850000381469727,9.029999732971191,9.029999732971191,72600
2016-11-02,8.789999961853027,9.15999984741211,8.666000366210938,9.020000457763672,9.020000457763672,57900
2016-11-03,8.99899959564209,8.99899959564209,8.67300033569336,8.930000305175781,8.930000305175781,10000
2016-11-04,8.692000389099121,8.819999694824219,8.600000381469727,8.739999771118164,8.739999771118164,10100
2016-11-07,8.720000267028809,8.800000190734863,8.600000381469727,8.699999809265137,8.699999809265137,37300
2016-11-08,8.699999809265137,8.937000274658203,8.010000228881836,8.649999618530273,8.649999618530273,61800
2016-11-09,8.649999618530273,8.649999618530273,8.060999870300293,8.600000381469727,8.600000381469727,31500
2016-11-10,8.649999618530273,9.15999984741211,8.625,8.850000381469727,8.850000381469727,20600
2016-11-11,8.822999954223633,9.100000381469727,8.508000373840332,8.649999618530273,8.649999618530273,61600
2016-11-14,8.649999618530273,9.069999694824219,8.649999618530273,8.65999984741211,8.65999984741211,19400
2016-11-15,8.770000457763672,9.0,8.5,8.510000228881836,8.510000228881836,10600
2016-11-16,8.5,8.829000473022461,8.149999618530273,8.680000305175781,8.680000305175781,29600
2016-11-17,8.899999618530273,8.899999618530273,8.5,8.5,8.5,26300
2016-11-18,8.696000099182129,8.696000099182129,8.399999618530273,8.5,8.5,15400
2016-11-21,8.607000350952148,8.890000343322754,8.107999801635742,8.890000343322754,8.890000343322754,64500
2016-11-22,8.899999618530273,9.5,8.680000305175781,9.479999542236328,9.479999542236328,70500
2016-11-23,9.168999671936035,9.329999923706055,9.168999671936035,9.25,9.25,14100
2016-11-25,8.899999618530273,9.435999870300293,8.899999618530273,9.260000228881836,9.260000228881836,8000
2016-11-28,9.149999618530273,9.329999923706055,9.100000381469727,9.319999694824219,9.319999694824219,12200
2016-11-29,9.25,10.760000228881836,9.21500015258789,9.9399995803833,9.9399995803833,132800
2016-11-30,9.779999732971191,10.100000381469727,9.649999618530273,9.970000267028809,9.970000267028809,30000
2016-12-01,9.449999809265137,10.0,8.902999877929688,10.0,10.0,67800
2016-12-02,10.0,10.050000190734863,9.5,9.880000114440918,9.880000114440918,23000
2016-12-05,9.862000465393066,10.489999771118164,9.58899974822998,10.170000076293945,10.170000076293945,58900
2016-12-06,10.220000267028809,10.260000228881836,9.067999839782715,9.399999618530273,9.399999618530273,43000
2016-12-07,9.319999694824219,9.989999771118164,9.319999694824219,9.90999984741211,9.90999984741211,31800
2016-12-08,9.789999961853027,9.970000267028809,9.484999656677246,9.949999809265137,9.949999809265137,20000
2016-12-09,9.75,10.0600004196167,9.553999900817871,10.0,10.0,36200
2016-12-12,10.0,10.0,9.5,9.5,9.5,18800
2016-12-13,9.539999961853027,9.770000457763672,8.869999885559082,8.869999885559082,8.869999885559082,39800
2016-12-14,9.199999809265137,9.449999809265137,8.699999809265137,9.359999656677246,9.359999656677246,32900
2016-12-15,9.394000053405762,10.079999923706055,9.210000038146973,9.899999618530273,9.899999618530273,61600
2016-12-16,9.670000076293945,10.5,9.670000076293945,9.9399995803833,9.9399995803833,507300
2016-12-19,9.772000312805176,10.649999618530273,9.640000343322754,10.479999542236328,10.479999542236328,65300
2016-12-20,10.399999618530273,10.843999862670898,10.0,10.819999694824219,10.819999694824219,68700
2016-12-21,10.550000190734863,11.390000343322754,10.5,11.229999542236328,11.229999542236328,72800
2016-12-22,11.369999885559082,12.149999618530273,11.083999633789062,11.789999961853027,11.789999961853027,73800
2016-12-23,11.600000381469727,11.869999885559082,9.819999694824219,10.350000381469727,10.350000381469727,100900
2016-12-27,10.010000228881836,10.309000015258789,9.430000305175781,10.079999923706055,10.079999923706055,56600
2016-12-28,10.010000228881836,10.1899995803833,9.600000381469727,9.859999656677246,9.859999656677246,17300
2016-12-29,10.600000381469727,10.600000381469727,9.829999923706055,10.1899995803833,10.1899995803833,24100
2016-12-30,10.239999771118164,11.760000228881836,10.0,11.569999694824219,11.569999694824219,41500
2017-01-03,11.550000190734863,11.805999755859375,10.60099983215332,11.149999618530273,11.149999618530273,59500
2017-01-04,11.09000015258789,11.600000381469727,10.887999534606934,11.529999732971191,11.529999732971191,55600
2017-01-05,11.449999809265137,11.569999694824219,11.029999732971191,11.5,11.5,44900
2017-01-06,11.520000457763672,13.15999984741211,11.199999809265137,13.039999961853027,13.039999961853027,112700
2017-01-09,13.0,13.899999618530273,11.503999710083008,13.5,13.5,74100
2017-01-10,13.5600004196167,13.5600004196167,12.59000015258789,12.930000305175781,12.930000305175781,61800
2017-01-11,12.390000343322754,13.5,12.390000343322754,13.369999885559082,13.369999885559082,44700
2017-01-12,13.380000114440918,13.5,12.6899995803833,13.140000343322754,13.140000343322754,46100
2017-01-13,13.25,13.899999618530273,12.954999923706055,13.670000076293945,13.670000076293945,86300
2017-01-17,13.149999618530273,13.600000381469727,12.630000114440918,13.229999542236328,13.229999542236328,83100
2017-01-18,13.229999542236328,13.444000244140625,13.010000228881836,13.300000190734863,13.300000190734863,82500
2017-01-19,13.010000228881836,13.479999542236328,13.010000228881836,13.270000457763672,13.270000457763672,23100
2017-01-20,13.050000190734863,13.5,13.050000190734863,13.229999542236328,13.229999542236328,31200
2017-01-23,13.180000305175781,13.407999992370605,13.180000305175781,13.350000381469727,13.350000381469727,6300
2017-01-24,13.1899995803833,13.380000114440918,12.961000442504883,13.229999542236328,13.229999542236328,50600
2017-01-25,13.270000457763672,13.430000305175781,11.618000030517578,12.90999984741211,12.90999984741211,49900
2017-01-26,12.8100004196167,13.307999610900879,12.53600025177002,13.0,13.0,36700
2017-01-27,13.0,13.0,12.791999816894531,13.0,13.0,37300
2017-01-30,12.920000076293945,13.01200008392334,12.539999961853027,12.710000038146973,12.710000038146973,47900
2017-01-31,12.01099967956543,13.34000015258789,12.01099967956543,13.069999694824219,13.069999694824219,67600
2017-02-01,13.050000190734863,13.345000267028809,12.699999809265137,12.899999618530273,12.899999618530273,58400
2017-02-02,12.890000343322754,12.890000343322754,12.0,12.1899995803833,12.1899995803833,20300
2017-02-03,12.0,12.170000076293945,10.600000381469727,11.989999771118164,11.989999771118164,93900
2017-02-06,11.850000381469727,12.145000457763672,11.5600004196167,12.130000114440918,12.130000114440918,52900
2017-02-07,12.0,12.119999885559082,11.364999771118164,11.989999771118164,11.989999771118164,25400
2017-02-08,11.960000038146973,11.960000038146973,11.71500015258789,11.869999885559082,11.869999885559082,5500
2017-02-09,11.880000114440918,11.920000076293945,11.550000190734863,11.859999656677246,11.859999656677246,30500
2017-02-10,11.760000228881836,11.899999618530273,11.758000373840332,11.819999694824219,11.819999694824219,26000
2017-02-13,11.8100004196167,11.8100004196167,11.621000289916992,11.710000038146973,11.710000038146973,8800
2017-02-14,11.619999885559082,11.800000190734863,11.619999885559082,11.789999961853027,11.789999961853027,11600
2017-02-15,11.5,11.640000343322754,11.350000381469727,11.5600004196167,11.5600004196167,36300
2017-02-16,11.449999809265137,11.5,11.079999923706055,11.350000381469727,11.350000381469727,20600
2017-02-17,11.380000114440918,11.380000114440918,11.20300006866455,11.34000015258789,11.34000015258789,19400
2017-02-21,11.300000190734863,11.300000190734863,11.010000228881836,11.130000114440918,11.130000114440918,14900
2017-02-22,11.079999923706055,11.15999984741211,9.54699993133545,10.5,10.5,99100
2017-02-23,10.470000267028809,11.239999771118164,10.470000267028809,11.180000305175781,11.180000305175781,121600
2017-02-24,11.180000305175781,11.300000190734863,11.0,11.229999542236328,11.229999542236328,53600
2017-02-27,11.199999809265137,11.470000267028809,11.109999656677246,11.460000038146973,11.460000038146973,58500
2017-02-28,11.470000267028809,11.470000267028809,11.140000343322754,11.350000381469727,11.350000381469727,43900
2017-03-01,11.210000038146973,11.380000114440918,11.119999885559082,11.210000038146973,11.210000038146973,46800
2017-03-02,11.140000343322754,11.550000190734863,10.930000305175781,10.960000038146973,10.960000038146973,35700
2017-03-03,11.100000381469727,11.28499984741211,10.539999961853027,10.760000228881836,10.760000228881836,17800
2017-03-06,10.75,10.75,10.40999984741211,10.449999809265137,10.449999809265137,5700
2017-03-07,10.40999984741211,10.633999824523926,10.210000038146973,10.520000457763672,10.520000457763672,12700
2017-03-08,10.539999961853027,10.770000457763672,10.53499984741211,10.720000267028809,10.720000267028809,21700
2017-03-09,10.762999534606934,11.0,10.699999809265137,10.90999984741211,10.90999984741211,43300
2017-03-10,10.989999771118164,11.100000381469727,10.800000190734863,11.050000190734863,11.050000190734863,25200
2017-03-13,11.0,11.5,10.989999771118164,11.4399995803833,11.4399995803833,31800
2017-03-14,11.550000190734863,11.550000190734863,10.529999732971191,11.140000343322754,11.140000343322754,29100
2017-03-15,10.380999565124512,11.529999732971191,10.380999565124512,11.369999885559082,11.369999885559082,18800
2017-03-16,11.420000076293945,11.800000190734863,11.359999656677246,11.729999542236328,11.729999542236328,41000
2017-03-17,11.430000305175781,11.555000305175781,11.039999961853027,11.149999618530273,11.149999618530273,35400
2017-03-20,11.149999618530273,11.34000015258789,11.010000228881836,11.289999961853027,11.289999961853027,30500
2017-03-21,11.359999656677246,11.390000343322754,11.149999618530273,11.289999961853027,11.289999961853027,19000
2017-03-22,11.180000305175781,11.180000305175781,10.609999656677246,10.680000305175781,10.680000305175781,74100
2017-03-23,10.789999961853027,11.100000381469727,10.710000038146973,10.989999771118164,10.989999771118164,10900
2017-03-24,11.079999923706055,11.100000381469727,10.9399995803833,11.0,11.0,15200
2017-03-27,10.90999984741211,11.100000381469727,10.90999984741211,11.039999961853027,11.039999961853027,9200
2017-03-28,11.100000381469727,11.100000381469727,10.989999771118164,11.09000015258789,11.09000015258789,43300
2017-03-29,11.100000381469727,11.100000381469727,10.779999732971191,10.899999618530273,10.899999618530273,14300
2017-03-30,10.770000457763672,11.09000015258789,10.720000267028809,10.920000076293945,10.920000076293945,10200
2017-03-31,10.97700023651123,11.050000190734863,10.729999542236328,10.920000076293945,10.920000076293945,12300
2017-04-03,11.003999710083008,11.083000183105469,10.819999694824219,10.9399995803833,10.9399995803833,14500
2017-04-04,10.899999618530273,11.0600004196167,10.899999618530273,11.010000228881836,11.010000228881836,13400
2017-04-05,10.869999885559082,11.079999923706055,10.850000381469727,10.949999809265137,10.949999809265137,8900
2017-04-06,10.819999694824219,11.100000381469727,10.800000190734863,11.069999694824219,11.069999694824219,20400
2017-04-07,11.036999702453613,11.069999694824219,10.970000267028809,11.039999961853027,11.039999961853027,6000
2017-04-10,11.069999694824219,11.100000381469727,10.930000305175781,11.039999961853027,11.039999961853027,22700
2017-04-11,11.0,11.100000381469727,10.930000305175781,11.069999694824219,11.069999694824219,14200
2017-04-12,11.039999961853027,11.100000381469727,10.9399995803833,11.020000457763672,11.020000457763672,17700
2017-04-13,11.050000190734863,11.079999923706055,10.850000381469727,10.850000381469727,10.850000381469727,55500
2017-04-17,10.899999618530273,10.899999618530273,10.619999885559082,10.75,10.75,14600
2017-04-18,10.720000267028809,10.720000267028809,10.479999542236328,10.600000381469727,10.600000381469727,23400
2017-04-19,10.649999618530273,10.6899995803833,10.350000381469727,10.449999809265137,10.449999809265137,8700
2017-04-20,10.449999809265137,10.600000381469727,10.449999809265137,10.550000190734863,10.550000190734863,8500
2017-04-21,10.600000381469727,10.600000381469727,10.399999618530273,10.59000015258789,10.59000015258789,11300
2017-04-24,10.600000381469727,10.600000381469727,10.460000038146973,10.59000015258789,10.59000015258789,5000
2017-04-25,10.59000015258789,10.600000381469727,10.550000190734863,10.59000015258789,10.59000015258789,13700
2017-04-26,10.5,10.5,10.170000076293945,10.260000228881836,10.260000228881836,28200
2017-04-27,10.0,10.262999534606934,10.0,10.069999694824219,10.069999694824219,16800
2017-04-28,10.0,10.350000381469727,10.0,10.1899995803833,10.1899995803833,18000
2017-05-01,10.336999893188477,10.5,10.3100004196167,10.489999771118164,10.489999771118164,15800
2017-05-02,10.397000312805176,10.5,10.359999656677246,10.460000038146973,10.460000038146973,20400
2017-05-03,10.5,10.829999923706055,10.449999809265137,10.710000038146973,10.710000038146973,40300
2017-05-04,10.640000343322754,10.779999732971191,10.640000343322754,10.699999809265137,10.699999809265137,23000
2017-05-05,10.1899995803833,10.770000457763672,10.149999618530273,10.619999885559082,10.619999885559082,12700
2017-05-08,10.649999618530273,10.800000190734863,10.520000457763672,10.710000038146973,10.710000038146973,12300
2017-05-09,9.5,9.630000114440918,7.0,7.110000133514404,7.110000133514404,213800
2017-05-10,7.199999809265137,7.5,6.550000190734863,7.380000114440918,7.380000114440918,176700
2017-05-11,7.360000133514404,7.758999824523926,7.199999809265137,7.480000019073486,7.480000019073486,50800
2017-05-12,7.539999961853027,7.7829999923706055,7.309999942779541,7.5,7.5,31900
2017-05-15,7.570000171661377,7.624000072479248,7.349999904632568,7.400000095367432,7.400000095367432,46200
2017-05-16,7.53000020980835,7.590000152587891,7.0,7.099999904632568,7.099999904632568,43400
2017-05-17,7.260000228881836,7.260000228881836,6.840000152587891,6.909999847412109,6.909999847412109,44100
2017-05-18,6.960000038146973,7.099999904632568,6.741000175476074,7.03000020980835,7.03000020980835,28500
2017-05-19,7.010000228881836,7.070000171661377,6.760000228881836,6.800000190734863,6.800000190734863,29700
2017-05-22,6.829999923706055,6.854000091552734,6.699999809265137,6.75,6.75,24100
2017-05-23,6.730000019073486,6.75,6.559999942779541,6.599999904632568,6.599999904632568,22100
2017-05-24,6.590000152587891,6.599999904632568,6.409999847412109,6.5,6.5,21400
2017-05-25,6.449999809265137,6.489999771118164,6.059999942779541,6.429999828338623,6.429999828338623,41100
2017-05-26,6.349999904632568,6.429999828338623,6.099999904632568,6.130000114440918,6.130000114440918,24100
2017-05-30,6.090000152587891,6.579999923706055,6.090000152587891,6.150000095367432,6.150000095367432,29200
2017-05-31,6.139999866485596,6.230000019073486,6.125,6.170000076293945,6.170000076293945,8600
2017-06-01,6.21999979019165,6.400000095367432,6.099999904632568,6.239999771118164,6.239999771118164,18600
2017-06-02,6.199999809265137,6.340000152587891,6.070000171661377,6.199999809265137,6.199999809265137,34500
2017-06-05,6.119999885559082,6.260000228881836,5.949999809265137,6.110000133514404,6.110000133514404,22500
2017-06-06,6.050000190734863,6.099999904632568,5.570000171661377,5.610000133514404,5.610000133514404,63200
2017-06-07,5.650000095367432,5.650000095367432,4.880000114440918,4.900000095367432,4.900000095367432,88200
2017-06-08,4.989999771118164,5.008999824523926,4.486999988555908,4.989999771118164,4.989999771118164,33700
2017-06-09,5.124000072479248,5.150000095367432,4.880000114440918,4.940000057220459,4.940000057220459,34100
2017-06-12,4.980000019073486,5.190000057220459,4.809999942779541,4.929999828338623,4.929999828338623,57700
2017-06-13,4.960000038146973,5.110000133514404,4.860000133514404,5.0,5.0,147800
2017-06-14,5.039999961853027,5.565000057220459,5.0,5.400000095367432,5.400000095367432,104800
2017-06-15,5.25,5.449999809265137,5.25,5.349999904632568,5.349999904632568,43000
2017-06-16,5.239999771118164,5.300000190734863,5.199999809265137,5.239999771118164,5.239999771118164,32400
2017-06-19,5.21999979019165,5.400000095367432,5.050000190734863,5.360000133514404,5.360000133514404,53500
2017-06-20,5.400000095367432,7.099999904632568,5.400000095367432,6.730000019073486,6.730000019073486,238200
2017-06-21,6.559999942779541,7.8979997634887695,6.480000019073486,7.340000152587891,7.340000152587891,142900
2017-06-22,7.25,7.269999980926514,6.300000190734863,6.360000133514404,6.360000133514404,86700
2017-06-23,6.380000114440918,7.03000020980835,6.380000114440918,6.949999809265137,6.949999809265137,340600
2017-06-26,7.0,7.0,6.420000076293945,6.739999771118164,6.739999771118164,77900
2017-06-27,6.769999980926514,7.03000020980835,6.610000133514404,7.0,7.0,66700
2017-06-28,6.989999771118164,6.989999771118164,6.610000133514404,6.789999961853027,6.789999961853027,33400
2017-06-29,6.800000190734863,6.800000190734863,6.46999979019165,6.670000076293945,6.670000076293945,48000
2017-06-30,6.71999979019165,6.78000020980835,6.260000228881836,6.389999866485596,6.389999866485596,54800
2017-07-03,6.380000114440918,6.940000057220459,6.010000228881836,6.760000228881836,6.760000228881836,22100
2017-07-05,6.699999809265137,6.849999904632568,6.460000038146973,6.760000228881836,6.760000228881836,29600
2017-07-06,6.789999961853027,6.800000190734863,6.170000076293945,6.260000228881836,6.260000228881836,31700
2017-07-07,6.309999942779541,6.46999979019165,6.239999771118164,6.360000133514404,6.360000133514404,21900
2017-07-10,6.409999847412109,6.630000114440918,6.199999809265137,6.599999904632568,6.599999904632568,32000
2017-07-11,6.599999904632568,6.679999828338623,6.019999980926514,6.329999923706055,6.329999923706055,17200
2017-07-12,6.03000020980835,6.599999904632568,6.03000020980835,6.230000019073486,6.230000019073486,17400
2017-07-13,6.269999980926514,6.380000114440918,6.059999942779541,6.190000057220459,6.190000057220459,13000
2017-07-14,6.25,6.440000057220459,6.130000114440918,6.170000076293945,6.170000076293945,9200
2017-07-17,6.21999979019165,6.389999866485596,6.070000171661377,6.25,6.25,12500
2017-07-18,6.289999961853027,6.420000076293945,6.059999942779541,6.309999942779541,6.309999942779541,9800
2017-07-19,6.269999980926514,6.34499979019165,6.230000019073486,6.269999980926514,6.269999980926514,4900
2017-07-20,6.329999923706055,6.389999866485596,6.239999771118164,6.360000133514404,6.360000133514404,8000
2017-07-21,6.400000095367432,6.690000057220459,6.400000095367432,6.599999904632568,6.599999904632568,62200
2017-07-24,6.550000190734863,7.039999961853027,6.550000190734863,6.619999885559082,6.619999885559082,18900
2017-07-25,6.599999904632568,6.599999904632568,6.309999942779541,6.53000020980835,6.53000020980835,9600
2017-07-26,6.579999923706055,6.789999961853027,6.160999774932861,6.5,6.5,11500
2017-07-27,6.539999961853027,6.650000095367432,6.230000019073486,6.619999885559082,6.619999885559082,22600
2017-07-28,6.599999904632568,6.989999771118164,6.489999771118164,6.489999771118164,6.489999771118164,74700
2017-07-31,6.519999980926514,6.539999961853027,6.150000095367432,6.239999771118164,6.239999771118164,17300
2017-08-01,6.289999961853027,6.550000190734863,6.21999979019165,6.21999979019165,6.21999979019165,6200
2017-08-02,6.28000020980835,6.579999923706055,6.150000095367432,6.360000133514404,6.360000133514404,27500
2017-08-03,6.25,6.460000038146973,6.150000095367432,6.28000020980835,6.28000020980835,30300
2017-08-04,6.488999843597412,6.488999843597412,6.21999979019165,6.389999866485596,6.389999866485596,4500
2017-08-07,6.389999866485596,6.389999866485596,6.090000152587891,6.139999866485596,6.139999866485596,33400
2017-08-08,5.760000228881836,6.0,5.000999927520752,5.389999866485596,5.389999866485596,52900
2017-08-09,5.400000095367432,6.363999843597412,5.400000095367432,5.639999866485596,5.639999866485596,42200
2017-08-10,5.579999923706055,5.835999965667725,5.550000190734863,5.78000020980835,5.78000020980835,5100
2017-08-11,5.989999771118164,5.989999771118164,5.519999980926514,5.760000228881836,5.760000228881836,26800
2017-08-14,5.75,6.320000171661377,5.630000114440918,5.920000076293945,5.920000076293945,10200
2017-08-15,6.039999961853027,6.085000038146973,5.710000038146973,5.739999771118164,5.739999771118164,37300
2017-08-16,5.739999771118164,6.0,5.739999771118164,5.949999809265137,5.949999809265137,7300
2017-08-17,5.840000152587891,6.090000152587891,5.650000095367432,6.039999961853027,6.039999961853027,25700
2017-08-18,5.75,5.880000114440918,5.659999847412109,5.880000114440918,5.880000114440918,7100
2017-08-21,6.019999980926514,6.03000020980835,5.800000190734863,5.960000038146973,5.960000038146973,3400
2017-08-22,5.929999828338623,6.059999942779541,5.860000133514404,5.860000133514404,5.860000133514404,35300
2017-08-23,5.869999885559082,5.929999828338623,5.690000057220459,5.690000057220459,5.690000057220459,9300
2017-08-24,5.650000095367432,5.940999984741211,5.429999828338623,5.429999828338623,5.429999828338623,18200
2017-08-25,5.440000057220459,5.579999923706055,5.21999979019165,5.21999979019165,5.21999979019165,23100
2017-08-28,5.300000190734863,5.599999904632568,5.300000190734863,5.489999771118164,5.489999771118164,16300
2017-08-29,5.484000205993652,5.579999923706055,5.21999979019165,5.460000038146973,5.460000038146973,8300
2017-08-30,5.960999965667725,5.960999965667725,5.400000095367432,5.639999866485596,5.639999866485596,11300
2017-08-31,5.599999904632568,5.710000038146973,5.340000152587891,5.429999828338623,5.429999828338623,16100
2017-09-01,5.480000019073486,5.561999797821045,5.0,5.179999828338623,5.179999828338623,267800
2017-09-05,5.199999809265137,5.389999866485596,4.920000076293945,5.070000171661377,5.070000171661377,46900
2017-09-06,5.099999904632568,5.480000019073486,4.849999904632568,5.340000152587891,5.340000152587891,14200
2017-09-07,5.479000091552734,5.479000091552734,5.039999961853027,5.170000076293945,5.170000076293945,31500
2017-09-08,5.300000190734863,5.440000057220459,5.051000118255615,5.409999847412109,5.409999847412109,16100
2017-09-11,5.460000038146973,5.909999847412109,5.400000095367432,5.909999847412109,5.909999847412109,72400
2017-09-12,5.889999866485596,5.900000095367432,5.349999904632568,5.510000228881836,5.510000228881836,96700
2017-09-13,5.165999889373779,5.309999942779541,5.150000095367432,5.239999771118164,5.239999771118164,27700
2017-09-14,5.449999809265137,5.449999809265137,5.099999904632568,5.21999979019165,5.21999979019165,52400
2017-09-15,5.230000019073486,5.230000019073486,4.958000183105469,4.96999979019165,4.96999979019165,97200
2017-09-18,4.989999771118164,5.179999828338623,4.860000133514404,4.960000038146973,4.960000038146973,58100
2017-09-19,4.96999979019165,5.050000190734863,4.769999980926514,4.789999961853027,4.789999961853027,45200
2017-09-20,4.849999904632568,4.96999979019165,4.599999904632568,4.650000095367432,4.650000095367432,123700
2017-09-21,4.75,4.789999961853027,4.510000228881836,4.639999866485596,4.639999866485596,55000
2017-09-22,4.699999809265137,4.73799991607666,4.369999885559082,4.570000171661377,4.570000171661377,48300
2017-09-25,4.809999942779541,4.96999979019165,4.550000190734863,4.570000171661377,4.570000171661377,69300
2017-09-26,4.739999771118164,4.739999771118164,4.474999904632568,4.590000152587891,4.590000152587891,40200
2017-09-27,4.5879998207092285,4.710000038146973,4.454999923706055,4.710000038146973,4.710000038146973,14500
2017-09-28,4.75,4.949999809265137,4.539999961853027,4.840000152587891,4.840000152587891,51900
2017-09-29,4.699999809265137,4.800000190734863,4.650000095367432,4.789999961853027,4.789999961853027,15300
2017-10-02,4.710000038146973,4.880000114440918,4.710000038146973,4.78000020980835,4.78000020980835,16700
2017-10-03,4.820000171661377,4.900000095367432,4.769999980926514,4.78000020980835,4.78000020980835,14900
2017-10-04,4.840000152587891,4.980000019073486,4.730000019073486,4.900000095367432,4.900000095367432,18000
2017-10-05,4.730000019073486,4.949999809265137,4.610000133514404,4.75,4.75,18500
2017-10-06,4.789999961853027,4.896999835968018,4.610000133514404,4.789999961853027,4.789999961853027,32000
2017-10-09,4.840000152587891,4.849999904632568,4.702000141143799,4.710000038146973,4.710000038146973,13500
2017-10-10,4.710000038146973,4.867000102996826,4.5,4.570000171661377,4.570000171661377,109600
2017-10-11,4.579999923706055,4.590000152587891,4.460000038146973,4.5,4.5,16100
2017-10-12,4.5,4.559999942779541,4.320000171661377,4.320000171661377,4.320000171661377,53600
2017-10-13,4.400000095367432,4.400000095367432,4.0,4.03000020980835,4.03000020980835,106700
2017-10-16,4.110000133514404,4.289999961853027,4.059999942779541,4.190000057220459,4.190000057220459,20300
2017-10-17,4.090000152587891,4.139999866485596,3.799999952316284,3.799999952316284,3.799999952316284,55500
2017-10-18,4.0,4.050000190734863,3.5999999046325684,3.6700000762939453,3.6700000762939453,77800
2017-10-19,3.680000066757202,3.8499999046325684,3.6500000953674316,3.8399999141693115,3.8399999141693115,67600
2017-10-20,3.890000104904175,4.139999866485596,3.8299999237060547,3.940000057220459,3.940000057220459,43500
2017-10-23,4.070000171661377,4.070000171661377,3.7100000381469727,3.75,3.75,44800
2017-10-24,3.930000066757202,3.9800000190734863,3.7200000286102295,3.9200000762939453,3.9200000762939453,32100
2017-10-25,3.9000000953674316,3.950000047683716,3.7899999618530273,3.9000000953674316,3.9000000953674316,51500
2017-10-26,3.9200000762939453,4.0,3.759999990463257,3.9000000953674316,3.9000000953674316,29600
2017-10-27,3.880000114440918,3.880000114440918,3.75,3.819999933242798,3.819999933242798,30900
2017-10-30,3.8499999046325684,4.28000020980835,3.7200000286102295,4.230000019073486,4.230000019073486,98400
2017-10-31,4.309999942779541,4.309999942779541,3.880000114440918,3.940000057220459,3.940000057220459,9600
2017-11-01,3.950000047683716,4.1529998779296875,3.809999942779541,3.890000104904175,3.890000104904175,42200
2017-11-02,3.859999895095825,4.110000133514404,3.630000114440918,3.7799999713897705,3.7799999713897705,78500
2017-11-03,3.9700000286102295,3.9700000286102295,3.4210000038146973,3.4579999446868896,3.4579999446868896,23200
2017-11-06,3.5,4.050000190734863,3.4049999713897705,4.050000190734863,4.050000190734863,44700
2017-11-07,3.3299999237060547,3.559999942779541,2.7249999046325684,3.4700000286102295,3.4700000286102295,411200
2017-11-08,3.5,3.5,3.109999895095825,3.430000066757202,3.430000066757202,83800
2017-11-09,3.450000047683716,3.5399999618530273,3.3499999046325684,3.3550000190734863,3.3550000190734863,112600
2017-11-10,3.430000066757202,3.430000066757202,3.200000047683716,3.319999933242798,3.319999933242798,93700
2017-11-13,3.3399999141693115,3.390000104904175,3.1649999618530273,3.259999990463257,3.259999990463257,74400
2017-11-14,3.4100000858306885,3.450000047683716,3.309999942779541,3.319999933242798,3.319999933242798,30200
2017-11-15,3.299999952316284,3.299999952316284,3.2260000705718994,3.299999952316284,3.299999952316284,3800
2017-11-16,3.299999952316284,3.4100000858306885,3.1600000858306885,3.190000057220459,3.190000057220459,23600
2017-11-17,3.0999999046325684,3.299999952316284,3.069999933242798,3.259999990463257,3.259999990463257,109900
2017-11-20,3.3399999141693115,3.3399999141693115,3.1500000953674316,3.1500000953674316,3.1500000953674316,61000
2017-11-21,3.2200000286102295,3.2200000286102295,3.009999990463257,3.009999990463257,3.009999990463257,13200
2017-11-22,3.119999885559082,3.369999885559082,2.9000000953674316,3.1600000858306885,3.1600000858306885,545900
2017-11-24,3.430000066757202,3.490000009536743,3.2699999809265137,3.4200000762939453,3.4200000762939453,24900
2017-11-27,3.4800000190734863,3.5999999046325684,3.4200000762939453,3.549999952316284,3.549999952316284,22300
2017-11-28,3.559999942779541,3.559999942779541,3.3299999237060547,3.490000009536743,3.490000009536743,39000
2017-11-29,3.490000009536743,3.5899999141693115,3.4700000286102295,3.549999952316284,3.549999952316284,48000
2017-11-30,3.569999933242798,3.688999891281128,3.569999933242798,3.6500000953674316,3.6500000953674316,73200
2017-12-01,3.990000009536743,3.990000009536743,3.6500000953674316,3.75,3.75,74600
2017-12-04,3.7899999618530273,3.799999952316284,3.609999895095825,3.6700000762939453,3.6700000762939453,23000
2017-12-05,3.6700000762939453,3.6700000762939453,3.549999952316284,3.5999999046325684,3.5999999046325684,7200
2017-12-06,3.5899999141693115,3.5899999141693115,3.430000066757202,3.490000009536743,3.490000009536743,18100
2017-12-07,3.4800000190734863,3.4800000190734863,3.130000114440918,3.450000047683716,3.450000047683716,71800
2017-12-08,3.5199999809265137,3.7200000286102295,3.5199999809265137,3.5899999141693115,3.5899999141693115,20700
2017-12-11,3.630000114440918,3.630000114440918,3.4600000381469727,3.5,3.5,36000
2017-12-12,3.4800000190734863,3.5199999809265137,3.4800000190734863,3.5,3.5,32900
2017-12-13,3.4700000286102295,3.4700000286102295,3.390000104904175,3.4000000953674316,3.4000000953674316,17800
2017-12-14,3.3310000896453857,3.4100000858306885,3.3310000896453857,3.4000000953674316,3.4000000953674316,18300
2017-12-15,3.450000047683716,3.5450000762939453,3.380000114440918,3.4700000286102295,3.4700000286102295,50000
2017-12-18,3.5,3.680999994277954,3.5,3.5799999237060547,3.5799999237060547,23000
2017-12-19,3.5910000801086426,4.079999923706055,3.5910000801086426,4.019999980926514,4.019999980926514,86300
2017-12-20,4.070000171661377,4.46999979019165,3.9779999256134033,4.409999847412109,4.409999847412109,67000
2017-12-21,4.460000038146973,4.5,4.300000190734863,4.320000171661377,4.320000171661377,34300
2017-12-22,4.210000038146973,4.349999904632568,3.9790000915527344,4.119999885559082,4.119999885559082,27900
2017-12-26,4.170000076293945,4.291999816894531,3.9100000858306885,4.019999980926514,4.019999980926514,12000
2017-12-27,3.9800000190734863,4.25,3.9800000190734863,4.21999979019165,4.21999979019165,25900
2017-12-28,4.25,4.320000171661377,4.111999988555908,4.260000228881836,4.260000228881836,26200
2017-12-29,4.28000020980835,4.510000228881836,4.179999828338623,4.380000114440918,4.380000114440918,23800
2018-01-02,4.380000114440918,4.380000114440918,4.199999809265137,4.230000019073486,4.230000019073486,21000
2018-01-03,4.21999979019165,4.25,4.199999809265137,4.224999904632568,4.224999904632568,16400
2018-01-04,4.300000190734863,4.46999979019165,4.28000020980835,4.460000038146973,4.460000038146973,36800
2018-01-05,4.440000057220459,4.460000038146973,4.320000171661377,4.449999809265137,4.449999809265137,34700
2018-01-08,4.480000019073486,4.590000152587891,4.400000095367432,4.519999980926514,4.519999980926514,20900
2018-01-09,4.410999774932861,4.659999847412109,4.409999847412109,4.590000152587891,4.590000152587891,23800
2018-01-10,4.599999904632568,4.639999866485596,4.5,4.639999866485596,4.639999866485596,11300
2018-01-11,4.639999866485596,5.230000019073486,4.639999866485596,4.989999771118164,4.989999771118164,45000
2018-01-12,4.880000114440918,4.900000095367432,4.849999904632568,4.860000133514404,4.860000133514404,15000
2018-01-16,4.900000095367432,4.913000106811523,4.800000190734863,4.909999847412109,4.909999847412109,23400
2018-01-17,4.980000019073486,5.170000076293945,4.940000057220459,5.005000114440918,5.005000114440918,35900
2018-01-18,5.139999866485596,5.139999866485596,4.840000152587891,4.889999866485596,4.889999866485596,32200
2018-01-19,4.940000057220459,5.079999923706055,4.885000228881836,5.019999980926514,5.019999980926514,46400
2018-01-22,5.099999904632568,5.210000038146973,5.099999904632568,5.179999828338623,5.179999828338623,30800
2018-01-23,5.21999979019165,5.300000190734863,5.139999866485596,5.190000057220459,5.190000057220459,39800
2018-01-24,5.190000057220459,5.28000020980835,5.050000190734863,5.050000190734863,5.050000190734863,10100
2018-01-25,4.949999809265137,5.300000190734863,4.940000057220459,5.110000133514404,5.110000133514404,40500
2018-01-26,5.159999847412109,5.244999885559082,5.050000190734863,5.179999828338623,5.179999828338623,12000
2018-01-29,5.230000019073486,5.269999980926514,4.989999771118164,5.070000171661377,5.070000171661377,18200
2018-01-30,5.099999904632568,5.099999904632568,4.769999980926514,4.800000190734863,4.800000190734863,16100
2018-01-31,4.610000133514404,4.7270002365112305,4.289999961853027,4.46999979019165,4.46999979019165,20500
2018-02-01,4.400000095367432,4.599999904632568,4.400000095367432,4.599999904632568,4.599999904632568,11600
2018-02-02,4.559999942779541,4.605000019073486,4.489999771118164,4.489999771118164,4.489999771118164,1000
2018-02-05,4.539999961853027,4.619999885559082,4.389999866485596,4.460000038146973,4.460000038146973,21500
2018-02-06,4.389999866485596,4.550000190734863,4.329999923706055,4.389999866485596,4.389999866485596,25300
2018-02-07,4.440000057220459,4.630000114440918,4.300000190734863,4.460000038146973,4.460000038146973,18600
2018-02-08,4.60099983215332,4.60099983215332,4.460000038146973,4.5,4.5,2400
2018-02-09,4.480000019073486,4.659999847412109,4.340000152587891,4.409999847412109,4.409999847412109,29400
2018-02-12,4.440000057220459,4.519999980926514,4.300000190734863,4.300000190734863,4.300000190734863,17300
2018-02-13,4.300000190734863,4.690000057220459,4.300000190734863,4.610000133514404,4.610000133514404,16200
2018-02-14,4.510000228881836,4.789999961853027,4.510000228881836,4.710000038146973,4.710000038146973,7600
2018-02-15,4.769999980926514,4.789999961853027,4.679999828338623,4.699999809265137,4.699999809265137,5600
2018-02-16,4.699999809265137,4.699999809265137,4.699999809265137,4.699999809265137,4.699999809265137,0
2018-02-20,4.639999866485596,4.73799991607666,4.46999979019165,4.46999979019165,4.46999979019165,4200
2018-02-21,4.53000020980835,4.639999866485596,4.425000190734863,4.639999866485596,4.639999866485596,3700
2018-02-22,4.699999809265137,4.699999809265137,4.460000038146973,4.489999771118164,4.489999771118164,10000
2018-02-23,4.599999904632568,4.650000095367432,4.570000171661377,4.650000095367432,4.650000095367432,2100
2018-02-26,4.699999809265137,4.789999961853027,4.699999809265137,4.699999809265137,4.699999809265137,5200
2018-02-27,4.659999847412109,4.789999961853027,4.599999904632568,4.739999771118164,4.739999771118164,12200
2018-02-28,4.789999961853027,4.789999961853027,4.659999847412109,4.789999961853027,4.789999961853027,10200
2018-03-01,4.579999923706055,4.579999923706055,4.091000080108643,4.309999942779541,4.309999942779541,83400
2018-03-02,4.300000190734863,4.300000190734863,3.799999952316284,3.819999933242798,3.819999933242798,26100
2018-03-05,3.8399999141693115,3.9000000953674316,3.75,3.75,3.75,10400
2018-03-06,3.765000104904175,3.9000000953674316,3.765000104904175,3.799999952316284,3.799999952316284,10800
2018-03-07,3.799999952316284,3.880000114440918,3.680000066757202,3.809999942779541,3.809999942779541,5400
2018-03-08,3.811000108718872,3.811000108718872,3.75,3.799999952316284,3.799999952316284,2000
2018-03-09,3.8399999141693115,3.880000114440918,3.819999933242798,3.8499999046325684,3.8499999046325684,4300
2018-03-12,3.880000114440918,3.885999917984009,3.6700000762939453,3.880000114440918,3.880000114440918,12200
2018-03-13,3.890000104904175,3.890000104904175,3.812000036239624,3.812000036239624,3.812000036239624,300
2018-03-14,3.8299999237060547,3.880000114440918,3.819999933242798,3.819999933242798,3.819999933242798,2000
2018-03-15,3.8369998931884766,3.8499999046325684,3.8369998931884766,3.8499999046325684,3.8499999046325684,2500
2018-03-16,3.680000066757202,3.990000009536743,3.680000066757202,3.990000009536743,3.990000009536743,14400
2018-03-19,4.190000057220459,4.190000057220459,3.809999942779541,3.871000051498413,3.871000051498413,14700
2018-03-20,4.21999979019165,4.392000198364258,4.03000020980835,4.03000020980835,4.03000020980835,11900
2018-03-21,4.03000020980835,4.03000020980835,3.799999952316284,3.8499999046325684,3.8499999046325684,8500
2018-03-22,3.825000047683716,3.825000047683716,3.7279999256134033,3.825000047683716,3.825000047683716,7900
2018-03-23,3.869999885559082,4.019999980926514,3.757999897003174,3.8519999980926514,3.8519999980926514,16500
2018-03-26,3.950000047683716,4.297999858856201,3.799999952316284,3.809999942779541,3.809999942779541,47100
2018-03-27,3.8399999141693115,3.8580000400543213,3.8399999141693115,3.8499999046325684,3.8499999046325684,600
2018-03-28,3.9000000953674316,4.429999828338623,3.6700000762939453,3.6700000762939453,3.6700000762939453,5700
2018-03-29,3.809999942779541,4.130000114440918,3.746000051498413,4.0,4.0,38500
2018-04-02,3.9660000801086426,4.170000076293945,3.7760000228881836,3.7760000228881836,3.7760000228881836,47900
2018-04-03,3.759999990463257,3.759999990463257,3.569999933242798,3.569999933242798,3.569999933242798,4600
2018-04-04,3.700000047683716,3.9119999408721924,3.700000047683716,3.819999933242798,3.819999933242798,4800
2018-04-05,3.7070000171661377,3.75,3.700000047683716,3.75,3.75,10300
2018-04-06,4.0,4.03000020980835,3.765000104904175,4.0,4.0,19400
2018-04-09,3.9800000190734863,4.0,3.9760000705718994,4.0,4.0,2800
2018-04-10,3.9700000286102295,3.9839999675750732,3.950000047683716,3.950000047683716,3.950000047683716,12200
2018-04-11,3.9000000953674316,3.9000000953674316,3.8499999046325684,3.859999895095825,3.859999895095825,8500
2018-04-12,3.859999895095825,3.859999895095825,3.859999895095825,3.859999895095825,3.859999895095825,0
2018-04-13,3.880000114440918,4.050000190734863,3.880000114440918,4.03000020980835,4.03000020980835,5400
2018-04-16,3.930000066757202,4.010000228881836,3.880000114440918,4.010000228881836,4.010000228881836,1500
2018-04-17,4.010000228881836,4.039999961853027,3.984999895095825,3.984999895095825,3.984999895095825,12600
2018-04-18,3.9700000286102295,4.039999961853027,3.890000104904175,3.9700000286102295,3.9700000286102295,6600
2018-04-19,3.9700000286102295,3.990000009536743,3.930000066757202,3.990000009536743,3.990000009536743,1400
2018-04-20,3.9549999237060547,4.0,3.9130001068115234,4.0,4.0,8700
2018-04-23,3.9600000381469727,3.9800000190734863,3.9200000762939453,3.9800000190734863,3.9800000190734863,700
2018-04-24,4.0,4.0,3.990000009536743,4.0,4.0,1100
2018-04-25,4.0,4.0,3.9800000190734863,4.0,4.0,1900
2018-04-26,3.990000009536743,4.0,3.990000009536743,3.990000009536743,3.990000009536743,600
2018-04-27,3.890000104904175,3.990000009536743,3.859999895095825,3.990000009536743,3.990000009536743,5200
2018-04-30,3.9700000286102295,3.9700000286102295,3.859999895095825,3.859999895095825,3.859999895095825,2200
2018-05-01,3.8499999046325684,3.8499999046325684,3.6600000858306885,3.6600000858306885,3.6600000858306885,14500
2018-05-02,3.8399999141693115,3.8399999141693115,3.7699999809265137,3.7899999618530273,3.7899999618530273,1600
2018-05-03,3.819999933242798,4.010000228881836,3.7899999618530273,3.9800000190734863,3.9800000190734863,39900
2018-05-04,3.9000000953674316,3.9000000953674316,3.8889999389648438,3.890000104904175,3.890000104904175,700
2018-05-07,3.759999990463257,4.090000152587891,3.759999990463257,4.090000152587891,4.090000152587891,5400
2018-05-08,3.7690000534057617,3.8889999389648438,3.700000047683716,3.880000114440918,3.880000114440918,46000
2018-05-09,3.8010001182556152,3.8010001182556152,3.7899999618530273,3.7899999618530273,3.7899999618530273,1100
2018-05-10,3.5999999046325684,3.809999942779541,3.5999999046325684,3.700000047683716,3.700000047683716,5600
2018-05-11,3.7899999618530273,3.799999952316284,3.75600004196167,3.799999952316284,3.799999952316284,900
2018-05-14,3.7200000286102295,3.7799999713897705,3.7100000381469727,3.7100000381469727,3.7100000381469727,4400
2018-05-15,3.7100000381469727,3.7100000381469727,3.7100000381469727,3.7100000381469727,3.7100000381469727,0
2018-05-16,3.75,3.986999988555908,3.7100000381469727,3.7899999618530273,3.7899999618530273,7000
2018-05-17,3.8499999046325684,3.950000047683716,3.7109999656677246,3.950000047683716,3.950000047683716,5700
2018-05-18,3.9700000286102295,3.9800000190734863,3.890000104904175,3.924999952316284,3.924999952316284,8700
2018-05-21,3.869999885559082,3.940000057220459,3.7699999809265137,3.7699999809265137,3.7699999809265137,3100
2018-05-22,3.7200000286102295,3.8499999046325684,3.7100000381469727,3.805000066757202,3.805000066757202,1400
2018-05-23,3.88100004196167,3.9000000953674316,3.680000066757202,3.700000047683716,3.700000047683716,6900
2018-05-24,3.740000009536743,3.859999895095825,3.700000047683716,3.859999895095825,3.859999895095825,3200
2018-05-25,3.7200000286102295,3.819999933242798,3.5999999046325684,3.819999933242798,3.819999933242798,7300
2018-05-29,3.819999933242798,3.880000114440918,3.819999933242798,3.8499999046325684,3.8499999046325684,1000
2018-05-30,3.819999933242798,3.880000114440918,3.75,3.7799999713897705,3.7799999713897705,5000
2018-05-31,3.75,3.8399999141693115,3.7170000076293945,3.7170000076293945,3.7170000076293945,8400
2018-06-01,3.7100000381469727,3.880000114440918,3.7100000381469727,3.880000114440918,3.880000114440918,19600
2018-06-04,3.9000000953674316,3.9000000953674316,3.7799999713897705,3.890000104904175,3.890000104904175,26500
2018-06-05,3.809999942779541,3.880000114440918,3.7100000381469727,3.7699999809265137,3.7699999809265137,5100
2018-06-06,3.75,3.75,3.6700000762939453,3.700000047683716,3.700000047683716,10800
2018-06-07,3.700000047683716,3.9000000953674316,3.700000047683716,3.813999891281128,3.813999891281128,16200
2018-06-08,3.799999952316284,4.0,3.799999952316284,3.930000066757202,3.930000066757202,2500
2018-06-11,3.940000057220459,3.940000057220459,3.759999990463257,3.864000082015991,3.864000082015991,11300
2018-06-12,3.8399999141693115,4.0,3.759999990463257,3.759999990463257,3.759999990463257,18100
2018-06-13,3.880000114440918,3.880000114440918,3.7100000381469727,3.7200000286102295,3.7200000286102295,3700
2018-06-14,3.75,4.889999866485596,3.75,4.849999904632568,4.849999904632568,33800
2018-06-15,4.75,5.440000057220459,4.449999809265137,4.449999809265137,4.449999809265137,41900
2018-06-18,4.389999866485596,4.739999771118164,4.389999866485596,4.559999942779541,4.559999942779541,7200
2018-06-19,4.400000095367432,4.75,4.380000114440918,4.400000095367432,4.400000095367432,14200
2018-06-20,4.389999866485596,4.494999885559082,4.389999866485596,4.389999866485596,4.389999866485596,3600
2018-06-21,4.452000141143799,4.556000232696533,4.380000114440918,4.460000038146973,4.460000038146973,9200
2018-06-22,4.579999923706055,4.579999923706055,4.190000057220459,4.190000057220459,4.190000057220459,11500
2018-06-25,4.409999847412109,4.409999847412109,4.129000186920166,4.170000076293945,4.170000076293945,1500
2018-06-26,4.269999980926514,4.630000114440918,4.210000038146973,4.210000038146973,4.210000038146973,3900
2018-06-27,4.210000038146973,4.507999897003174,4.190000057220459,4.2820000648498535,4.2820000648498535,18100
2018-06-28,4.244999885559082,4.389999866485596,4.244999885559082,4.389999866485596,4.389999866485596,6700
2018-06-29,4.260000228881836,4.480000019073486,4.139999866485596,4.139999866485596,4.139999866485596,14000
2018-07-02,4.110000133514404,4.480000019073486,4.110000133514404,4.150000095367432,4.150000095367432,5200
2018-07-03,4.070000171661377,4.269999980926514,4.019999980926514,4.019999980926514,4.019999980926514,1500
2018-07-05,4.25,4.25,4.0329999923706055,4.25,4.25,2900
2018-07-06,4.130000114440918,4.230000019073486,4.051000118255615,4.230000019073486,4.230000019073486,2800
2018-07-09,4.2170000076293945,4.21999979019165,4.050000190734863,4.050000190734863,4.050000190734863,1700
2018-07-10,4.150000095367432,4.150000095367432,4.099999904632568,4.099999904632568,4.099999904632568,1100
2018-07-11,4.139999866485596,4.300000190734863,4.059999942779541,4.300000190734863,4.300000190734863,4300
2018-07-12,4.25,4.889999866485596,4.25,4.860000133514404,4.860000133514404,14000
2018-07-13,4.860000133514404,4.980000019073486,4.429999828338623,4.519999980926514,4.519999980926514,17400
2018-07-16,4.420000076293945,4.989999771118164,4.318999767303467,4.920000076293945,4.920000076293945,3400
2018-07-17,4.880000114440918,4.900000095367432,4.630000114440918,4.630000114440918,4.630000114440918,11500
2018-07-18,4.631999969482422,5.0,4.631999969482422,4.900000095367432,4.900000095367432,50800
2018-07-19,5.0,5.497000217437744,4.730000019073486,4.869999885559082,4.869999885559082,78200
2018-07-20,4.880000114440918,5.260000228881836,4.800000190734863,5.0,5.0,26000
2018-07-23,5.21999979019165,5.25,4.909999847412109,4.949999809265137,4.949999809265137,4200
2018-07-24,4.900000095367432,5.070000171661377,4.849999904632568,4.860000133514404,4.860000133514404,30400
2018-07-25,5.050000190734863,5.050000190734863,4.860000133514404,5.050000190734863,5.050000190734863,800
2018-07-26,5.019999980926514,5.239999771118164,4.900000095367432,5.125,5.125,7700
2018-07-27,4.900000095367432,5.199999809265137,4.800000190734863,4.800000190734863,4.800000190734863,5800
2018-07-30,4.798999786376953,4.989999771118164,4.790999889373779,4.989999771118164,4.989999771118164,15300
2018-07-31,4.900000095367432,4.900000095367432,4.769999980926514,4.800000190734863,4.800000190734863,5600
2018-08-01,4.775000095367432,4.966000080108643,4.775000095367432,4.966000080108643,4.966000080108643,2200
2018-08-02,4.849999904632568,4.989999771118164,4.75,4.849999904632568,4.849999904632568,10200
2018-08-03,4.849999904632568,5.0,4.75,4.889999866485596,4.889999866485596,5800
2018-08-06,4.920000076293945,4.989999771118164,4.849999904632568,4.860000133514404,4.860000133514404,2800
2018-08-07,5.189000129699707,5.559999942779541,4.75,4.849999904632568,4.849999904632568,41900
2018-08-08,4.760000228881836,4.811999797821045,4.75,4.75,4.75,3000
2018-08-09,4.804999828338623,4.804999828338623,4.560999870300293,4.65500020980835,4.65500020980835,10200
2018-08-10,4.699999809265137,4.699999809265137,4.590000152587891,4.650000095367432,4.650000095367432,1500
2018-08-13,4.599999904632568,4.599999904632568,4.320000171661377,4.357999801635742,4.357999801635742,5800
2018-08-14,4.39900016784668,4.400000095367432,4.349999904632568,4.360000133514404,4.360000133514404,10500
2018-08-15,4.364999771118164,4.400000095367432,4.320000171661377,4.380000114440918,4.380000114440918,4400
2018-08-16,4.400000095367432,4.400000095367432,4.313000202178955,4.3460001945495605,4.3460001945495605,2000
2018-08-17,4.309999942779541,4.309999942779541,4.309999942779541,4.309999942779541,4.309999942779541,500
2018-08-20,4.300000190734863,4.380000114440918,4.300000190734863,4.380000114440918,4.380000114440918,500
2018-08-21,4.260000228881836,4.369999885559082,4.25,4.25,4.25,2100
2018-08-22,4.349999904632568,4.349999904632568,4.349999904632568,4.349999904632568,4.349999904632568,400
2018-08-23,4.355999946594238,4.355999946594238,4.355999946594238,4.355999946594238,4.355999946594238,300
2018-08-24,4.329999923706055,4.349999904632568,4.329999923706055,4.349999904632568,4.349999904632568,900
2018-08-27,4.25,4.328000068664551,4.170000076293945,4.170000076293945,4.170000076293945,2900
2018-08-28,4.2230000495910645,4.23799991607666,4.070000171661377,4.070000171661377,4.070000171661377,33100
2018-08-29,4.099999904632568,4.179999828338623,3.811000108718872,4.179999828338623,4.179999828338623,25900
2018-08-30,4.164999961853027,4.179999828338623,4.126999855041504,4.175000190734863,4.175000190734863,1800
2018-08-31,4.179999828338623,4.179999828338623,4.139999866485596,4.150000095367432,4.150000095367432,1000
2018-09-04,4.175000190734863,4.199999809265137,3.859999895095825,4.130000114440918,4.130000114440918,9200
2018-09-05,4.013000011444092,4.013000011444092,4.013000011444092,4.013000011444092,4.013000011444092,300
2018-09-06,4.0,4.090000152587891,3.880000114440918,3.9000000953674316,3.9000000953674316,21500
2018-09-07,3.9000000953674316,3.9000000953674316,3.9000000953674316,3.9000000953674316,3.9000000953674316,0
2018-09-10,3.9800000190734863,3.9800000190734863,3.6700000762939453,3.700000047683716,3.700000047683716,36100
2018-09-11,3.8299999237060547,4.0,3.549999952316284,3.549999952316284,3.549999952316284,32100
2018-09-12,3.549999952316284,3.680000066757202,3.4800000190734863,3.509999990463257,3.509999990463257,4700
2018-09-13,3.680000066757202,3.690000057220459,3.5,3.5,3.5,4300
2018-09-14,3.7300000190734863,3.7300000190734863,3.509999990463257,3.509999990463257,3.509999990463257,1000
2018-09-17,3.5,3.507999897003174,3.4760000705718994,3.4760000705718994,3.4760000705718994,8300
2018-09-18,3.490000009536743,3.490000009536743,3.369999885559082,3.369999885559082,3.369999885559082,7600
2018-09-19,3.4000000953674316,3.4749999046325684,3.299999952316284,3.319999933242798,3.319999933242798,5100
2018-09-20,3.3499999046325684,3.3499999046325684,3.3299999237060547,3.3350000381469727,3.3350000381469727,3900
2018-09-21,3.2799999713897705,3.299999952316284,3.2799999713897705,3.2899999618530273,3.2899999618530273,11300
2018-09-24,3.4200000762939453,3.440000057220459,3.4070000648498535,3.440000057220459,3.440000057220459,1600
2018-09-25,3.440000057220459,3.7899999618530273,3.440000057220459,3.6600000858306885,3.6600000858306885,21800
2018-09-26,3.7300000190734863,3.7300000190734863,3.509999990463257,3.7100000381469727,3.7100000381469727,5000
2018-09-27,3.7019999027252197,3.990000009536743,3.700000047683716,3.9000000953674316,3.9000000953674316,6500
2018-09-28,3.930000066757202,3.9800000190734863,3.75,3.930000066757202,3.930000066757202,11400
2018-10-01,3.930000066757202,4.059999942779541,3.5999999046325684,3.609999895095825,3.609999895095825,11900
2018-10-02,3.809999942779541,3.809999942779541,3.4700000286102295,3.4700000286102295,3.4700000286102295,4700
2018-10-03,3.630000114440918,3.740000009536743,3.5999999046325684,3.7100000381469727,3.7100000381469727,1500
2018-10-04,3.7100000381469727,3.7100000381469727,3.7100000381469727,3.7100000381469727,3.7100000381469727,0
2018-10-05,3.75,4.090000152587891,3.6610000133514404,4.090000152587891,4.090000152587891,14600
2018-10-08,4.070000171661377,4.070000171661377,3.9700000286102295,3.9700000286102295,3.9700000286102295,700
2018-10-09,3.7699999809265137,4.070000171661377,3.7699999809265137,3.7699999809265137,3.7699999809265137,1800
2018-10-10,3.7899999618530273,4.090000152587891,3.7899999618530273,3.9000000953674316,3.9000000953674316,3100
2018-10-11,4.190000057220459,4.190000057220459,3.937999963760376,4.090000152587891,4.090000152587891,1800
2018-10-12,3.9700000286102295,4.150000095367432,3.934999942779541,4.090000152587891,4.090000152587891,25800
2018-10-15,3.9100000858306885,4.090000152587891,3.9100000858306885,4.0,4.0,1100
2018-10-16,3.9000000953674316,4.090000152587891,3.9000000953674316,4.090000152587891,4.090000152587891,2000
2018-10-17,3.930000066757202,4.085000038146973,3.890000104904175,3.9000000953674316,3.9000000953674316,3200
2018-10-18,3.9700000286102295,3.990000009536743,3.5999999046325684,3.700000047683716,3.700000047683716,3900
2018-10-19,3.8499999046325684,4.090000152587891,3.5999999046325684,3.609999895095825,3.609999895095825,7200
2018-10-22,3.6500000953674316,4.070000171661377,3.5799999237060547,3.6600000858306885,3.6600000858306885,20200
2018-10-23,3.5299999713897705,3.9600000381469727,3.5299999713897705,3.759999990463257,3.759999990463257,23600
2018-10-24,3.931999921798706,3.931999921798706,3.6600000858306885,3.6700000762939453,3.6700000762939453,3300
2018-10-25,3.7799999713897705,3.7799999713897705,3.5399999618530273,3.5399999618530273,3.5399999618530273,4800
2018-10-26,3.609999895095825,3.9700000286102295,3.4100000858306885,3.440000057220459,3.440000057220459,12100
2018-10-29,3.5999999046325684,3.890000104904175,3.5299999713897705,3.5999999046325684,3.5999999046325684,7900
2018-10-30,3.5299999713897705,3.880000114440918,3.5299999713897705,3.700000047683716,3.700000047683716,2400
2018-10-31,3.63100004196167,3.63100004196167,3.5,3.559999942779541,3.559999942779541,12900
2018-11-01,3.5999999046325684,3.799999952316284,3.450000047683716,3.799999952316284,3.799999952316284,6800
2018-11-02,3.7699999809265137,3.799999952316284,3.640000104904175,3.799999952316284,3.799999952316284,1500
2018-11-05,3.6600000858306885,3.671999931335449,3.0199999809265137,3.200000047683716,3.200000047683716,62200
2018-11-06,3.240000009536743,3.569999933242798,3.115999937057495,3.2799999713897705,3.2799999713897705,18400
2018-11-07,3.5,3.5,3.299999952316284,3.4200000762939453,3.4200000762939453,40300
2018-11-08,3.299999952316284,3.569999933242798,3.299999952316284,3.5,3.5,8200
2018-11-09,3.5299999713897705,3.618000030517578,3.2799999713897705,3.5950000286102295,3.5950000286102295,44600
2018-11-12,3.619999885559082,3.690000057220459,3.3970000743865967,3.4000000953674316,3.4000000953674316,1700
2018-11-13,3.509999990463257,3.680000066757202,3.5,3.5199999809265137,3.5199999809265137,29000
2018-11-14,3.640000104904175,3.6700000762939453,3.5360000133514404,3.5360000133514404,3.5360000133514404,16900
2018-11-15,3.509999990463257,3.5999999046325684,3.069999933242798,3.375,3.375,20000
2018-11-16,3.440000057220459,3.509999990463257,3.3299999237060547,3.3299999237060547,3.3299999237060547,4100
2018-11-19,3.2699999809265137,3.4000000953674316,3.119999885559082,3.119999885559082,3.119999885559082,12200
2018-11-20,3.130000114440918,3.3499999046325684,3.049999952316284,3.119999885559082,3.119999885559082,20600
2018-11-21,3.234999895095825,3.299999952316284,3.1459999084472656,3.299999952316284,3.299999952316284,7300
2018-11-23,3.1500000953674316,3.200000047683716,3.1500000953674316,3.1600000858306885,3.1600000858306885,5700
2018-11-26,3.1500000953674316,3.3399999141693115,3.1500000953674316,3.1500000953674316,3.1500000953674316,25500
2018-11-27,3.1500000953674316,3.299999952316284,3.1500000953674316,3.244999885559082,3.244999885559082,8200
2018-11-28,3.200000047683716,3.559999942779541,3.200000047683716,3.559999942779541,3.559999942779541,11600
2018-11-29,3.374000072479248,3.799999952316284,3.374000072479248,3.7899999618530273,3.7899999618530273,4100
2018-11-30,3.759999990463257,3.7899999618530273,3.4000000953674316,3.549999952316284,3.549999952316284,7100
2018-12-03,3.5,3.634999990463257,3.4100000858306885,3.4100000858306885,3.4100000858306885,6700
2018-12-04,3.299999952316284,3.390000104904175,3.259999990463257,3.2799999713897705,3.2799999713897705,13900
2018-12-06,3.259999990463257,3.4800000190734863,3.259999990463257,3.2899999618530273,3.2899999618530273,88100
2018-12-07,3.309999942779541,3.619999885559082,3.2699999809265137,3.5199999809265137,3.5199999809265137,4900
2018-12-10,3.4200000762939453,3.549999952316284,3.259999990463257,3.309999942779541,3.309999942779541,13000
2018-12-11,3.367000102996826,3.369999885559082,3.3299999237060547,3.369999885559082,3.369999885559082,5200
2018-12-12,3.319999933242798,3.4200000762939453,3.309999942779541,3.375,3.375,22600
2018-12-13,3.319999933242798,3.390000104904175,3.2799999713897705,3.359999895095825,3.359999895095825,17200
2018-12-14,3.3269999027252197,3.4000000953674316,3.3269999027252197,3.381999969482422,3.381999969482422,3300
2018-12-17,3.319999933242798,3.319999933242798,3.0999999046325684,3.2839999198913574,3.2839999198913574,37400
2018-12-18,3.240000009536743,3.240000009536743,3.0899999141693115,3.140000104904175,3.140000104904175,4100
2018-12-19,3.0999999046325684,3.3299999237060547,3.0999999046325684,3.2699999809265137,3.2699999809265137,13400
2018-12-20,3.2300000190734863,3.5,3.200000047683716,3.3499999046325684,3.3499999046325684,12600
2018-12-21,3.490000009536743,3.6500000953674316,3.200000047683716,3.200000047683716,3.200000047683716,6600
2018-12-24,3.2100000381469727,3.299999952316284,3.2100000381469727,3.2200000286102295,3.2200000286102295,18500
2018-12-26,3.359999895095825,3.450000047683716,3.25,3.259999990463257,3.259999990463257,24200
2018-12-27,3.200000047683716,3.619999885559082,3.1640000343322754,3.259999990463257,3.259999990463257,64200
2018-12-28,3.259999990463257,3.5399999618530273,3.259999990463257,3.4700000286102295,3.4700000286102295,3100
2018-12-31,3.299999952316284,3.4700000286102295,3.1700000762939453,3.1700000762939453,3.1700000762939453,40300
2019-01-02,3.1700000762939453,3.509999990463257,3.1700000762939453,3.4800000190734863,3.4800000190734863,21300
2019-01-03,3.4200000762939453,3.9700000286102295,3.3550000190734863,3.5299999713897705,3.5299999713897705,29100
2019-01-04,3.690000057220459,4.230000019073486,3.690000057220459,4.010000228881836,4.010000228881836,56200
2019-01-07,4.190000057220459,4.829999923706055,4.105000019073486,4.440000057220459,4.440000057220459,55600
2019-01-08,4.53000020980835,4.809999942779541,4.210000038146973,4.809999942779541,4.809999942779541,31400
2019-01-09,4.789999961853027,5.230000019073486,4.190000057220459,4.510000228881836,4.510000228881836,35100
2019-01-10,4.559999942779541,5.139999866485596,3.9000000953674316,4.230000019073486,4.230000019073486,96700
2019-01-11,4.070000171661377,4.110000133514404,3.2899999618530273,3.75,3.75,144500
2019-01-14,3.6700000762939453,4.026000022888184,3.319999933242798,3.4700000286102295,3.4700000286102295,50500
2019-01-15,3.4600000381469727,3.8380000591278076,3.4600000381469727,3.740000009536743,3.740000009536743,6700
2019-01-16,3.740000009536743,4.130000114440918,3.700000047683716,3.759999990463257,3.759999990463257,36400
2019-01-17,3.7200000286102295,4.0,3.7200000286102295,3.8499999046325684,3.8499999046325684,26600
2019-01-18,3.809999942779541,3.990000009536743,3.799999952316284,3.9010000228881836,3.9010000228881836,6900
2019-01-22,3.568000078201294,3.930000066757202,3.568000078201294,3.8499999046325684,3.8499999046325684,4900
2019-01-23,3.937999963760376,4.039999961853027,3.937999963760376,4.039999961853027,4.039999961853027,16100
2019-01-24,4.110000133514404,4.130000114440918,4.110000133514404,4.119999885559082,4.119999885559082,4900
2019-01-25,4.269000053405762,4.269999980926514,4.269000053405762,4.269999980926514,4.269999980926514,1000
2019-01-28,4.126999855041504,4.269999980926514,3.819999933242798,3.819999933242798,3.819999933242798,12100
2019-01-29,3.7690000534057617,3.9000000953674316,3.609999895095825,3.8499999046325684,3.8499999046325684,11900
2019-01-30,3.8499999046325684,3.930000066757202,3.799999952316284,3.8499999046325684,3.8499999046325684,600
2019-01-31,3.9800000190734863,3.9800000190734863,3.9800000190734863,3.9800000190734863,3.9800000190734863,200
2019-02-01,3.953000068664551,4.099999904632568,3.953000068664551,4.099999904632568,4.099999904632568,2300
2019-02-04,4.010000228881836,4.139999866485596,3.9600000381469727,4.072000026702881,4.072000026702881,17000
2019-02-05,4.168000221252441,4.25,4.099999904632568,4.099999904632568,4.099999904632568,3400
2019-02-06,4.228000164031982,4.228000164031982,4.099999904632568,4.210000038146973,4.210000038146973,700
2019-02-07,4.21999979019165,4.21999979019165,4.01200008392334,4.01200008392334,4.01200008392334,700
2019-02-08,3.9800000190734863,3.9800000190734863,3.9800000190734863,3.9800000190734863,3.9800000190734863,300
2019-02-11,4.119999885559082,4.13700008392334,4.0,4.039999961853027,4.039999961853027,3300
2019-02-12,4.039999961853027,4.039999961853027,4.039999961853027,4.039999961853027,4.039999961853027,100
2019-02-13,4.179999828338623,4.179999828338623,4.150000095367432,4.171000003814697,4.171000003814697,1100
2019-02-14,4.489999771118164,4.489999771118164,4.400000095367432,4.400000095367432,4.400000095367432,800
2019-02-15,4.489999771118164,4.489999771118164,4.360000133514404,4.400000095367432,4.400000095367432,4300
2019-02-19,4.320000171661377,4.349999904632568,4.300000190734863,4.330999851226807,4.330999851226807,2700
2019-02-20,4.340000152587891,4.349999904632568,4.25,4.300000190734863,4.300000190734863,4100
2019-02-21,4.349999904632568,4.53000020980835,4.349999904632568,4.519999980926514,4.519999980926514,7300
2019-02-22,4.570000171661377,4.820000171661377,4.329999923706055,4.452000141143799,4.452000141143799,12800
2019-02-25,4.579999923706055,4.670000076293945,4.349999904632568,4.572999954223633,4.572999954223633,24900
2019-02-26,4.630000114440918,4.960000038146973,4.630000114440918,4.789999961853027,4.789999961853027,15100
2019-02-27,4.699999809265137,4.75,4.380000114440918,4.599999904632568,4.599999904632568,21400
2019-02-28,4.579999923706055,4.849999904632568,4.5,4.500999927520752,4.500999927520752,19000
2019-03-01,4.478000164031982,5.199999809265137,4.451000213623047,5.039999961853027,5.039999961853027,54800
2019-03-04,5.050000190734863,5.150000095367432,4.541999816894531,4.800000190734863,4.800000190734863,24900
2019-03-05,4.670000076293945,4.989999771118164,4.510000228881836,4.949999809265137,4.949999809265137,34800
2019-03-06,4.960000038146973,4.988999843597412,4.699999809265137,4.699999809265137,4.699999809265137,5000
2019-03-07,4.867000102996826,4.947000026702881,4.599999904632568,4.920000076293945,4.920000076293945,2800
2019-03-08,4.769999980926514,5.179999828338623,4.769999980926514,5.179999828338623,5.179999828338623,23000
2019-03-11,5.25,5.800000190734863,5.25,5.739999771118164,5.739999771118164,54900
2019-03-12,5.889999866485596,6.120999813079834,5.800000190734863,6.050000190734863,6.050000190734863,35300
2019-03-13,5.909999847412109,6.050000190734863,5.5,5.75,5.75,19200
2019-03-14,5.690000057220459,6.0,5.690000057220459,5.880000114440918,5.880000114440918,10300
2019-03-15,5.849999904632568,5.849999904632568,5.510000228881836,5.829999923706055,5.829999923706055,5500
2019-03-18,5.71999979019165,5.849999904632568,5.550000190734863,5.550000190734863,5.550000190734863,11300
2019-03-19,5.650000095367432,5.650000095367432,5.296000003814697,5.619999885559082,5.619999885559082,14400
2019-03-20,5.619999885559082,5.789999961853027,5.369999885559082,5.429999828338623,5.429999828338623,7400
2019-03-21,5.3470001220703125,5.570000171661377,5.340000152587891,5.46999979019165,5.46999979019165,9300
2019-03-22,5.320000171661377,5.690000057220459,5.320000171661377,5.5,5.5,4900
2019-03-25,5.599999904632568,5.690000057220459,5.360000133514404,5.360000133514404,5.360000133514404,3600
2019-03-26,5.610000133514404,5.679999828338623,5.599999904632568,5.599999904632568,5.599999904632568,600
2019-03-27,5.639999866485596,5.670000076293945,5.4770002365112305,5.4770002365112305,5.4770002365112305,11600
2019-03-28,5.579999923706055,5.6539998054504395,5.449999809265137,5.449999809265137,5.449999809265137,2500
2019-03-29,5.4770002365112305,6.080999851226807,5.449999809265137,5.949999809265137,5.949999809265137,28400
2019-04-01,6.059999942779541,6.21999979019165,5.749000072479248,5.943999767303467,5.943999767303467,43600
2019-04-02,5.991000175476074,5.991000175476074,5.730000019073486,5.840000152587891,5.840000152587891,3400
2019-04-03,5.860000133514404,6.010000228881836,5.839000225067139,5.849999904632568,5.849999904632568,10300
2019-04-04,5.789999961853027,6.010000228881836,5.789999961853027,5.900000095367432,5.900000095367432,7400
2019-04-05,5.909999847412109,5.980000019073486,5.909999847412109,5.980000019073486,5.980000019073486,1100
2019-04-08,6.0,6.0,5.610000133514404,5.769999980926514,5.769999980926514,3800
2019-04-09,5.659999847412109,5.960999965667725,5.610000133514404,5.659999847412109,5.659999847412109,18300
2019-04-10,5.800000190734863,6.800000190734863,5.732999801635742,6.800000190734863,6.800000190734863,98200
2019-04-11,6.940000057220459,6.940000057220459,6.409999847412109,6.672999858856201,6.672999858856201,34800
2019-04-12,6.75,6.75,6.315999984741211,6.550000190734863,6.550000190734863,18500
2019-04-15,6.579999923706055,6.739999771118164,6.357999801635742,6.739999771118164,6.739999771118164,9300
2019-04-16,6.75,7.5,6.409999847412109,7.190999984741211,7.190999984741211,38500
2019-04-17,7.239999771118164,7.239999771118164,6.699999809265137,6.730000019073486,6.730000019073486,13900
2019-04-18,6.616000175476074,6.730000019073486,6.5,6.670000076293945,6.670000076293945,7300
2019-04-22,6.75,6.75,6.630000114440918,6.730000019073486,6.730000019073486,7100
2019-04-23,6.75,7.5,6.627999782562256,7.499000072479248,7.499000072479248,38100
2019-04-24,7.489999771118164,7.854000091552734,7.199999809265137,7.199999809265137,7.199999809265137,51600
2019-04-25,7.25,7.5,7.21999979019165,7.349999904632568,7.349999904632568,17200
2019-04-26,7.25,7.25,6.5,6.849999904632568,6.849999904632568,43500
2019-04-29,6.849999904632568,7.068999767303467,6.510000228881836,6.590000152587891,6.590000152587891,15900
2019-04-30,6.78000020980835,7.059999942779541,6.650000095367432,6.650000095367432,6.650000095367432,5000
2019-05-01,6.997000217437744,7.03000020980835,6.683000087738037,6.849999904632568,6.849999904632568,3500
2019-05-02,6.900000095367432,6.900000095367432,6.650000095367432,6.900000095367432,6.900000095367432,4100
2019-05-03,6.77400016784668,6.880000114440918,6.650000095367432,6.748000144958496,6.748000144958496,8400
2019-05-06,6.659999847412109,6.860000133514404,6.650000095367432,6.650000095367432,6.650000095367432,10000
2019-05-07,6.550000190734863,6.559999942779541,6.150000095367432,6.2270002365112305,6.2270002365112305,23600
2019-05-08,6.070000171661377,6.079999923706055,5.320000171661377,5.599999904632568,5.599999904632568,50500
2019-05-09,5.533999919891357,5.701000213623047,5.533999919891357,5.679999828338623,5.679999828338623,6100
2019-05-10,5.531000137329102,5.739999771118164,5.53000020980835,5.550000190734863,5.550000190734863,8900
2019-05-13,5.5,5.663000106811523,5.5,5.619999885559082,5.619999885559082,13200
2019-05-14,5.610000133514404,5.630000114440918,5.519999980926514,5.599999904632568,5.599999904632568,4700
2019-05-15,5.550000190734863,5.670000076293945,5.300000190734863,5.570000171661377,5.570000171661377,6300
2019-05-16,5.300000190734863,5.650000095367432,4.940000057220459,5.610000133514404,5.610000133514404,12500
2019-05-17,5.329999923706055,5.485000133514404,5.070000171661377,5.329999923706055,5.329999923706055,1900
2019-05-20,5.309999942779541,5.309999942779541,4.940999984741211,5.079999923706055,5.079999923706055,5500
2019-05-21,5.025000095367432,5.025000095367432,4.711999893188477,4.929999828338623,4.929999828338623,12000
2019-05-22,4.78000020980835,5.420000076293945,4.755000114440918,5.420000076293945,5.420000076293945,18000
2019-05-23,5.090000152587891,5.980000019073486,5.090000152587891,5.710000038146973,5.710000038146973,17100
2019-05-24,5.730000019073486,5.889999866485596,5.5,5.820000171661377,5.820000171661377,17500
2019-05-28,5.579999923706055,5.599999904632568,5.300000190734863,5.579999923706055,5.579999923706055,6700
2019-05-29,5.809999942779541,5.980000019073486,5.809999942779541,5.980000019073486,5.980000019073486,1300
2019-05-30,6.039999961853027,6.300000190734863,5.579999923706055,5.809999942779541,5.809999942779541,11500
2019-05-31,5.739999771118164,5.949999809265137,5.739999771118164,5.940000057220459,5.940000057220459,3400
2019-06-03,5.699999809265137,5.889999866485596,5.679999828338623,5.815000057220459,5.815000057220459,14300
2019-06-04,5.71999979019165,6.251999855041504,5.614999771118164,6.239999771118164,6.239999771118164,4600
2019-06-05,6.349999904632568,6.349999904632568,5.679999828338623,6.099999904632568,6.099999904632568,7000
2019-06-06,5.96999979019165,5.96999979019165,5.880000114440918,5.900000095367432,5.900000095367432,2700
2019-06-07,5.718999862670898,6.099999904632568,5.570000171661377,6.099999904632568,6.099999904632568,11000
2019-06-10,5.849999904632568,6.039999961853027,5.833000183105469,6.039999961853027,6.039999961853027,5500
2019-06-11,5.960000038146973,6.139999866485596,5.78000020980835,6.139999866485596,6.139999866485596,3100
2019-06-12,5.960000038146973,6.0,5.940000057220459,5.989999771118164,5.989999771118164,7300
2019-06-13,6.329999923706055,6.329999923706055,5.820000171661377,5.900000095367432,5.900000095367432,8000
2019-06-14,5.619999885559082,6.139999866485596,5.519999980926514,6.072000026702881,6.072000026702881,4100
2019-06-17,6.090000152587891,6.090000152587891,5.71999979019165,5.789000034332275,5.789000034332275,14300
2019-06-18,5.769999980926514,5.989999771118164,5.769999980926514,5.8420000076293945,5.8420000076293945,4300
2019-06-19,5.929999828338623,5.940000057220459,5.25,5.25,5.25,20100
2019-06-20,5.449999809265137,5.769999980926514,5.276000022888184,5.480999946594238,5.480999946594238,7000
2019-06-21,5.320000171661377,5.829999923706055,5.320000171661377,5.599999904632568,5.599999904632568,10300
2019-06-24,5.650000095367432,5.650000095367432,5.327000141143799,5.440000057220459,5.440000057220459,9700
2019-06-25,5.565000057220459,6.039999961853027,5.420000076293945,6.0,6.0,29000
2019-06-26,5.909999847412109,5.949999809265137,5.639999866485596,5.809999942779541,5.809999942779541,9900
2019-06-27,5.920000076293945,6.21999979019165,5.920000076293945,6.0,6.0,15100
2019-06-28,6.139999866485596,6.769999980926514,5.989999771118164,6.679999828338623,6.679999828338623,25900
2019-07-01,6.659999847412109,6.659999847412109,6.199999809265137,6.199999809265137,6.199999809265137,10900
2019-07-02,5.980000019073486,6.5,5.769999980926514,6.380000114440918,6.380000114440918,10200
2019-07-03,5.940000057220459,6.440000057220459,5.300000190734863,6.349999904632568,6.349999904632568,33300
2019-07-05,6.130000114440918,6.3470001220703125,6.130000114440918,6.271999835968018,6.271999835968018,1800
2019-07-08,6.099999904632568,6.400000095367432,6.099999904632568,6.400000095367432,6.400000095367432,1400
2019-07-09,6.260000228881836,6.260000228881836,5.619999885559082,5.960000038146973,5.960000038146973,10600
2019-07-10,6.230000019073486,6.349999904632568,6.170000076293945,6.25,6.25,1800
2019-07-11,6.349999904632568,6.349999904632568,6.189000129699707,6.340000152587891,6.340000152587891,3800
2019-07-12,6.340000152587891,6.5,6.300000190734863,6.300000190734863,6.300000190734863,11600
2019-07-15,6.300000190734863,6.300000190734863,6.300000190734863,6.300000190734863,6.300000190734863,200
2019-07-16,6.489999771118164,6.489999771118164,6.050000190734863,6.46999979019165,6.46999979019165,1100
2019-07-17,6.361999988555908,6.480000019073486,6.361999988555908,6.460000038146973,6.460000038146973,700
2019-07-18,6.36899995803833,6.400000095367432,6.36899995803833,6.400000095367432,6.400000095367432,2100
2019-07-19,6.170000076293945,6.190999984741211,6.170000076293945,6.190999984741211,6.190999984741211,400
2019-07-22,6.2230000495910645,6.48799991607666,5.949999809265137,6.039999961853027,6.039999961853027,8000
2019-07-23,6.46999979019165,6.5,6.300000190734863,6.429999828338623,6.429999828338623,7400
2019-07-24,6.363999843597412,6.363999843597412,6.160999774932861,6.179999828338623,6.179999828338623,1400
2019-07-25,6.440000057220459,6.730000019073486,6.239999771118164,6.25,6.25,4800
2019-07-26,6.389999866485596,6.699999809265137,6.25,6.25,6.25,11300
2019-07-29,6.349999904632568,6.949999809265137,6.349999904632568,6.710000038146973,6.710000038146973,48400
2019-07-30,6.539999961853027,6.900000095367432,6.3470001220703125,6.869999885559082,6.869999885559082,10000
2019-07-31,6.880000114440918,6.900000095367432,6.659999847412109,6.659999847412109,6.659999847412109,24400
2019-08-01,7.460000038146973,8.456000328063965,7.400000095367432,7.559999942779541,7.559999942779541,133800
2019-08-02,7.849999904632568,8.140999794006348,7.769999980926514,7.78000020980835,7.78000020980835,45300
2019-08-05,7.769999980926514,8.48799991607666,7.75,8.050000190734863,8.050000190734863,84200
2019-08-06,8.0600004196167,10.75,8.0600004196167,10.260000228881836,10.260000228881836,307500
2019-08-07,10.260000228881836,10.300000190734863,9.5,10.0,10.0,157300
2019-08-08,10.25,10.270000457763672,8.730999946594238,9.270000457763672,9.270000457763672,105600
2019-08-09,9.270000457763672,12.199999809265137,9.270000457763672,11.3149995803833,11.3149995803833,196100
2019-08-12,11.699999809265137,12.4399995803833,11.09000015258789,11.739999771118164,11.739999771118164,221300
2019-08-13,11.5,11.75,10.649999618530273,10.989999771118164,10.989999771118164,113000
2019-08-14,10.800000190734863,10.850000381469727,10.210000038146973,10.350000381469727,10.350000381469727,84900
2019-08-15,10.3100004196167,10.930000305175781,9.8100004196167,10.199999809265137,10.199999809265137,44300
2019-08-16,10.15999984741211,10.977999687194824,9.92300033569336,10.630000114440918,10.630000114440918,89100
2019-08-19,10.6899995803833,11.899999618530273,10.6899995803833,11.899999618530273,11.899999618530273,95200
2019-08-20,11.890000343322754,11.90999984741211,11.319999694824219,11.899999618530273,11.899999618530273,106000
2019-08-21,12.0,12.279999732971191,11.460000038146973,11.979999542236328,11.979999542236328,119000
2019-08-22,12.0,12.8100004196167,11.899999618530273,12.8100004196167,12.8100004196167,91600
2019-08-23,12.8100004196167,12.880000114440918,12.15999984741211,12.670000076293945,12.670000076293945,106000
2019-08-26,12.850000381469727,12.850000381469727,11.720999717712402,11.9399995803833,11.9399995803833,83600
2019-08-27,11.670000076293945,12.399999618530273,11.529999732971191,12.380000114440918,12.380000114440918,148100
2019-08-28,12.260000228881836,12.631999969482422,11.930000305175781,12.1899995803833,12.1899995803833,82000
2019-08-29,12.40999984741211,12.40999984741211,11.800000190734863,12.119999885559082,12.119999885559082,23700
2019-08-30,11.84000015258789,11.930000305175781,10.859999656677246,11.40999984741211,11.40999984741211,155600
2019-09-03,11.25,11.350000381469727,10.609999656677246,11.239999771118164,11.239999771118164,132000
2019-09-04,11.180000305175781,11.739999771118164,10.65999984741211,11.40999984741211,11.40999984741211,89100
2019-09-05,11.34000015258789,12.180000305175781,11.34000015258789,11.979999542236328,11.979999542236328,97500
2019-09-06,11.989999771118164,12.470000267028809,11.899999618530273,12.050000190734863,12.050000190734863,83300
2019-09-09,12.0,12.475000381469727,11.539999961853027,11.6899995803833,11.6899995803833,219000
2019-09-10,11.670000076293945,12.010000228881836,11.5,11.699999809265137,11.699999809265137,38000
2019-09-11,11.819999694824219,12.390000343322754,11.420000076293945,11.600000381469727,11.600000381469727,86600
2019-09-12,11.619999885559082,11.788999557495117,11.0,11.430000305175781,11.430000305175781,98000
2019-09-13,11.34000015258789,11.420000076293945,10.9399995803833,11.229999542236328,11.229999542236328,60400
2019-09-16,10.970000267028809,11.454999923706055,10.970000267028809,11.329999923706055,11.329999923706055,65800
2019-09-17,11.239999771118164,11.380000114440918,10.843999862670898,11.119999885559082,11.119999885559082,43900
2019-09-18,11.260000228881836,11.260000228881836,10.84000015258789,11.050000190734863,11.050000190734863,74000
2019-09-19,11.199999809265137,11.199999809265137,10.819999694824219,11.050000190734863,11.050000190734863,76900
2019-09-20,11.050000190734863,11.649999618530273,10.930000305175781,11.15999984741211,11.15999984741211,180100
2019-09-23,11.15999984741211,11.59000015258789,10.800000190734863,11.0,11.0,174600
2019-09-24,11.010000228881836,11.170000076293945,10.75100040435791,11.010000228881836,11.010000228881836,146800
2019-09-25,10.949999809265137,11.130000114440918,10.949999809265137,10.989999771118164,10.989999771118164,185800
2019-09-26,10.979999542236328,11.300000190734863,10.899999618530273,11.050000190734863,11.050000190734863,272900
2019-09-27,11.0,11.0,10.020000457763672,10.229999542236328,10.229999542236328,82400
2019-09-30,10.149999618530273,10.890000343322754,9.800000190734863,10.390000343322754,10.390000343322754,84100
2019-10-01,10.380000114440918,10.779999732971191,10.100000381469727,10.430000305175781,10.430000305175781,42400
2019-10-02,10.430000305175781,10.430000305175781,9.770000457763672,10.170000076293945,10.170000076293945,115800
2019-10-03,10.0,10.680000305175781,10.0,10.609999656677246,10.609999656677246,32500
2019-10-04,10.59000015258789,11.984999656677246,10.59000015258789,11.510000228881836,11.510000228881836,98300
2019-10-07,11.5,12.369999885559082,11.300000190734863,12.279999732971191,12.279999732971191,89600
2019-10-08,12.180000305175781,12.350000381469727,11.272000312805176,11.350000381469727,11.350000381469727,58200
2019-10-09,11.449999809265137,11.89900016784668,11.414999961853027,11.710000038146973,11.710000038146973,79100
2019-10-10,11.720000267028809,11.880000114440918,11.149999618530273,11.319999694824219,11.319999694824219,75700
2019-10-11,11.40999984741211,11.5,11.0,11.079999923706055,11.079999923706055,69000
2019-10-14,11.050000190734863,11.354999542236328,10.975000381469727,11.029999732971191,11.029999732971191,46800
2019-10-15,11.079999923706055,11.3100004196167,10.979999542236328,11.270000457763672,11.270000457763672,47900
2019-10-16,11.25,11.329999923706055,11.079999923706055,11.199999809265137,11.199999809265137,18200
2019-10-17,11.260000228881836,11.949999809265137,11.128999710083008,11.369999885559082,11.369999885559082,59700
2019-10-18,11.380000114440918,11.619999885559082,11.170000076293945,11.510000228881836,11.510000228881836,69100
2019-10-21,11.5,11.65999984741211,11.399999618530273,11.470000267028809,11.470000267028809,43600
2019-10-22,11.420000076293945,11.619999885559082,11.142000198364258,11.149999618530273,11.149999618530273,36100
2019-10-23,11.149999618530273,11.149999618530273,10.010000228881836,10.279999732971191,10.279999732971191,116100
2019-10-24,10.149999618530273,10.40999984741211,10.0,10.279999732971191,10.279999732971191,29600
2019-10-25,10.260000228881836,10.699999809265137,9.890000343322754,9.899999618530273,9.899999618530273,96100
2019-10-28,9.890000343322754,10.180000305175781,9.350000381469727,9.460000038146973,9.460000038146973,188400
2019-10-29,9.40999984741211,9.75,9.069999694824219,9.289999961853027,9.289999961853027,100000
2019-10-30,9.279999732971191,9.489999771118164,9.069999694824219,9.489999771118164,9.489999771118164,80700
2019-10-31,9.569999694824219,9.770000457763672,9.390000343322754,9.579999923706055,9.579999923706055,23100
2019-11-01,9.5,9.779999732971191,9.300000190734863,9.40999984741211,9.40999984741211,47100
2019-11-04,9.430000305175781,9.567999839782715,8.960000038146973,9.399999618530273,9.399999618530273,168300
2019-11-05,11.5,13.59000015258789,10.899999618530273,13.010000228881836,13.010000228881836,1223000
2019-11-06,12.979999542236328,13.088000297546387,11.819999694824219,11.930000305175781,11.930000305175781,317600
2019-11-07,11.579999923706055,12.975000381469727,11.329999923706055,12.319999694824219,12.319999694824219,321600
2019-11-08,12.59000015258789,16.280000686645508,12.520000457763672,15.819999694824219,15.819999694824219,768400
2019-11-11,16.0,16.5,14.539999961853027,14.850000381469727,14.850000381469727,586000
2019-11-12,14.850000381469727,15.678999900817871,13.069999694824219,13.65999984741211,13.65999984741211,541700
2019-11-13,13.649999618530273,14.489999771118164,13.130000114440918,13.640000343322754,13.640000343322754,366600
2019-11-14,11.199999809265137,12.149999618530273,10.550000190734863,11.109999656677246,11.109999656677246,2615200
2019-11-15,11.119999885559082,11.489999771118164,10.526000022888184,10.680000305175781,10.680000305175781,515200
2019-11-18,10.710000038146973,10.9399995803833,9.819999694824219,10.8100004196167,10.8100004196167,693600
2019-11-19,10.850000381469727,11.850000381469727,10.651000022888184,11.510000228881836,11.510000228881836,655200
2019-11-20,11.65999984741211,12.479999542236328,11.642000198364258,12.40999984741211,12.40999984741211,653400
2019-11-21,12.539999961853027,13.100000381469727,12.109999656677246,12.15999984741211,12.15999984741211,426400
2019-11-22,12.319999694824219,12.489999771118164,11.800000190734863,12.130000114440918,12.130000114440918,381800
2019-11-25,12.170000076293945,12.449999809265137,11.510000228881836,11.880000114440918,11.880000114440918,204500
2019-11-26,11.90999984741211,12.399999618530273,11.770000457763672,11.770000457763672,11.770000457763672,270400
2019-11-27,11.75,11.911999702453613,11.279999732971191,11.34000015258789,11.34000015258789,346400
2019-11-29,11.350000381469727,11.430000305175781,11.109999656677246,11.399999618530273,11.399999618530273,104500
2019-12-02,11.479999542236328,11.944999694824219,10.970000267028809,11.550000190734863,11.550000190734863,279300
2019-12-03,11.470000267028809,11.640000343322754,11.010000228881836,11.1899995803833,11.1899995803833,262500
2019-12-04,11.239999771118164,12.199999809265137,11.239999771118164,11.859999656677246,11.859999656677246,295700
2019-12-05,11.90999984741211,12.350000381469727,11.395000457763672,11.600000381469727,11.600000381469727,320900
2019-12-06,11.619999885559082,12.199999809265137,11.609999656677246,11.829999923706055,11.829999923706055,265900
2019-12-09,11.6899995803833,11.779999732971191,11.109999656677246,11.420000076293945,11.420000076293945,244400
2019-12-10,11.329999923706055,12.020000457763672,11.329999923706055,11.760000228881836,11.760000228881836,183400
2019-12-11,11.770000457763672,12.34000015258789,11.699999809265137,12.270000457763672,12.270000457763672,216500
2019-12-12,12.270000457763672,13.930000305175781,12.265999794006348,13.640000343322754,13.640000343322754,466400
2019-12-13,13.59000015258789,14.281000137329102,13.095999717712402,13.569999694824219,13.569999694824219,316700
2019-12-16,13.670000076293945,13.75,13.170000076293945,13.460000038146973,13.460000038146973,180900
2019-12-17,13.350000381469727,13.529999732971191,12.710000038146973,13.079999923706055,13.079999923706055,174100
2019-12-18,13.069999694824219,13.619999885559082,12.880000114440918,13.25,13.25,216400
2019-12-19,13.239999771118164,13.859000205993652,12.970000267028809,13.619999885559082,13.619999885559082,214200
2019-12-20,13.680000305175781,14.130000114440918,13.28499984741211,13.9399995803833,13.9399995803833,291300
2019-12-23,14.069999694824219,14.9399995803833,14.069999694824219,14.890000343322754,14.890000343322754,378600
2019-12-24,14.90999984741211,15.5,14.649999618530273,15.0600004196167,15.0600004196167,223200
2019-12-26,15.0600004196167,15.109999656677246,14.15999984741211,14.489999771118164,14.489999771118164,232100
2019-12-27,14.609999656677246,14.670000076293945,12.779999732971191,13.239999771118164,13.239999771118164,376300
2019-12-30,13.239999771118164,13.289999961853027,12.390000343322754,13.050000190734863,13.050000190734863,308600
2019-12-31,13.069999694824219,13.154999732971191,12.630000114440918,12.899999618530273,12.899999618530273,275900
2020-01-02,12.979999542236328,13.0,12.010000228881836,12.5,12.5,346200
2020-01-03,12.380000114440918,12.569999694824219,12.109999656677246,12.369999885559082,12.369999885559082,197500
2020-01-06,12.329999923706055,12.569999694824219,11.862000465393066,12.550000190734863,12.550000190734863,255700
2020-01-07,12.510000228881836,12.86400032043457,12.460000038146973,12.800000190734863,12.800000190734863,171700
2020-01-08,12.800000190734863,13.038999557495117,12.699999809265137,12.899999618530273,12.899999618530273,235100
2020-01-09,12.960000038146973,13.890000343322754,12.880000114440918,13.550000190734863,13.550000190734863,502000
2020-01-10,13.819999694824219,14.0,13.5600004196167,13.869999885559082,13.869999885559082,362200
2020-01-13,13.949999809265137,14.199999809265137,13.729999542236328,13.880000114440918,13.880000114440918,300700
2020-01-14,13.899999618530273,13.899999618530273,13.140000343322754,13.380000114440918,13.380000114440918,191200
2020-01-15,13.4399995803833,14.199999809265137,13.4399995803833,14.050000190734863,14.050000190734863,286800
2020-01-16,14.149999618530273,14.520000457763672,13.75,14.3100004196167,14.3100004196167,431700
2020-01-17,14.369999885559082,14.369999885559082,13.5,13.699999809265137,13.699999809265137,207800
2020-01-21,13.699999809265137,13.960000038146973,13.649999618530273,13.850000381469727,13.850000381469727,156500
2020-01-22,13.899999618530273,14.199999809265137,13.850000381469727,13.970000267028809,13.970000267028809,223000
2020-01-23,13.90999984741211,13.960000038146973,13.706999778747559,13.789999961853027,13.789999961853027,85800
2020-01-24,13.84000015258789,13.84000015258789,12.40999984741211,12.960000038146973,12.960000038146973,290000
2020-01-27,12.5600004196167,12.9399995803833,12.0,12.569999694824219,12.569999694824219,176800
2020-01-28,12.569999694824219,13.020000457763672,12.220000267028809,12.979999542236328,12.979999542236328,155400
2020-01-29,13.0,13.5,12.82699966430664,13.3100004196167,13.3100004196167,185000
2020-01-30,13.180000305175781,13.59000015258789,12.850000381469727,13.510000228881836,13.510000228881836,189300
2020-01-31,13.569999694824219,13.760000228881836,13.079999923706055,13.380000114440918,13.380000114440918,141600
2020-02-03,13.319999694824219,13.470000267028809,13.010000228881836,13.229999542236328,13.229999542236328,124800
2020-02-04,13.260000228881836,14.199999809265137,13.260000228881836,13.899999618530273,13.899999618530273,380600
2020-02-05,14.119999885559082,15.5,13.970000267028809,15.420000076293945,15.420000076293945,458900
2020-02-06,15.430000305175781,16.670000076293945,15.039999961853027,16.6299991607666,16.6299991607666,446900
2020-02-07,16.6299991607666,16.878000259399414,16.170000076293945,16.399999618530273,16.399999618530273,276900
2020-02-10,16.510000228881836,16.959999084472656,16.270000457763672,16.84000015258789,16.84000015258789,191300
2020-02-11,16.959999084472656,17.639999389648438,16.854999542236328,17.229999542236328,17.229999542236328,222800
2020-02-12,17.3700008392334,17.420000076293945,16.207000732421875,16.75,16.75,226300
2020-02-13,16.75,17.0,16.559999465942383,16.770000457763672,16.770000457763672,113600
2020-02-14,16.829999923706055,18.25,16.510000228881836,18.170000076293945,18.170000076293945,286500
2020-02-18,18.3799991607666,19.899999618530273,18.280000686645508,19.75,19.75,399600
2020-02-19,20.0,20.600000381469727,19.020000457763672,19.670000076293945,19.670000076293945,365800
2020-02-20,19.329999923706055,20.020000457763672,18.260000228881836,18.280000686645508,18.280000686645508,388200
2020-02-21,18.40999984741211,19.329999923706055,18.100000381469727,19.0,19.0,187300
2020-02-24,17.989999771118164,18.719999313354492,16.84000015258789,16.860000610351562,16.860000610351562,297500
2020-02-25,17.079999923706055,18.200000762939453,16.950000762939453,17.450000762939453,17.450000762939453,247200
2020-02-26,17.549999237060547,17.959999084472656,17.010000228881836,17.1200008392334,17.1200008392334,180000
2020-02-27,17.0,17.0,15.699999809265137,15.920000076293945,15.920000076293945,331200
2020-02-28,15.199999809265137,15.899999618530273,14.199999809265137,14.84000015258789,14.84000015258789,458100
2020-03-02,16.229999542236328,17.756000518798828,15.369999885559082,17.190000534057617,17.190000534057617,424900
2020-03-03,18.190000534057617,18.895999908447266,16.298999786376953,16.8700008392334,16.8700008392334,396100
2020-03-04,17.329999923706055,17.674999237060547,16.709999084472656,17.479999542236328,17.479999542236328,176400
2020-03-05,17.18000030517578,18.3799991607666,17.115999221801758,18.0,18.0,239500
2020-03-06,17.469999313354492,17.950000762939453,16.170000076293945,16.700000762939453,16.700000762939453,269900
2020-03-09,15.0600004196167,15.5600004196167,14.600000381469727,14.869999885559082,14.869999885559082,289600
2020-03-10,15.920000076293945,15.979999542236328,14.550000190734863,15.25,15.25,267400
2020-03-11,14.5,14.5,9.890000343322754,10.0600004196167,10.0600004196167,1185500
2020-03-12,8.9399995803833,9.0,7.78000020980835,8.4399995803833,8.4399995803833,523700
2020-03-13,9.5600004196167,9.628999710083008,7.619999885559082,8.539999961853027,8.539999961853027,529500
2020-03-16,7.5,7.519999980926514,6.699999809265137,6.75,6.75,417900
2020-03-17,9.0600004196167,10.899999618530273,7.550000190734863,8.569999694824219,8.569999694824219,1146200
2020-03-18,8.0600004196167,8.989999771118164,7.705999851226807,8.149999618530273,8.149999618530273,444800
2020-03-19,8.130000114440918,9.550000190734863,7.699999809265137,9.539999961853027,9.539999961853027,429500
2020-03-20,9.670000076293945,9.989999771118164,8.640000343322754,8.880000114440918,8.880000114440918,384800
2020-03-23,9.029999732971191,9.029999732971191,8.050000190734863,8.970000267028809,8.970000267028809,268200
2020-03-24,9.5,10.380000114440918,8.800000190734863,9.90999984741211,9.90999984741211,457700
2020-03-25,10.289999961853027,12.211999893188477,10.244999885559082,11.4399995803833,11.4399995803833,447900
2020-03-26,11.59000015258789,13.829999923706055,11.59000015258789,13.229999542236328,13.229999542236328,539300
2020-03-27,12.569999694824219,12.800000190734863,11.5,11.9399995803833,11.9399995803833,295700
2020-03-30,11.899999618530273,11.979999542236328,10.90999984741211,11.699999809265137,11.699999809265137,226300
2020-03-31,11.699999809265137,11.97700023651123,10.729999542236328,10.760000228881836,10.760000228881836,319700
2020-04-01,10.460000038146973,10.6899995803833,9.550000190734863,9.739999771118164,9.739999771118164,411900
